300350.E+01  7.4746E+00  0.0000E+00
600700.E+01  3.1630E-01  0.0000E+00
901050.E+01  1.9977E-01  0.0000E+00
120140.E+02  2.9965E-01  0.0000E+00
150175.E+02  2.4971E-01  0.0000E+00
180210.E+02  3.4959E-01  0.0000E+00
210245.E+02  1.6647E-01  0.0000E+00
240280.E+02  3.3294E-01  0.0000E+00
270315.E+02  2.4971E-01  0.0000E+00
300350.E+02  3.8289E-01  0.0000E+00
330385.E+02  2.3306E-01  0.0000E+00
360420.E+02  2.9965E-01  0.0000E+00
390455.E+02  2.8300E-01  0.0000E+00
420490.E+02  3.9953E-01  0.0000E+00
450525.E+02  3.9953E-01  0.0000E+00
480560.E+02  3.8289E-01  0.0000E+00
510595.E+02  2.4971E-01  0.0000E+00
540630.E+02  4.6612E-01  0.0000E+00
570665.E+02  3.4959E-01  0.0000E+00
600700.E+02  4.9942E-01  0.0000E+00
630735.E+02  3.1630E-01  0.0000E+00
660770.E+02  4.3283E-01  0.0000E+00
690805.E+02  2.9965E-01  0.0000E+00
720840.E+02  3.4959E-01  0.0000E+00
750875.E+02  3.1630E-01  0.0000E+00
780910.E+02  1.9977E-01  0.0000E+00
810945.E+02  3.3294E-01  0.0000E+00
840980.E+02  2.9965E-01  0.0000E+00
871015.E+02  3.9953E-01  0.0000E+00
901050.E+02  3.6624E-01  0.0000E+00
931085.E+02  3.4959E-01  0.0000E+00
961120.E+02  3.4959E-01  0.0000E+00
991155.E+02  2.4971E-01  0.0000E+00
102119.E+03  3.9953E-01  0.0000E+00
105123.E+03  2.9965E-01  0.0000E+00
108126.E+03  3.8289E-01  0.0000E+00
111130.E+03  3.8289E-01  0.0000E+00
114133.E+03  2.4971E-01  0.0000E+00
117137.E+03  4.3283E-01  0.0000E+00
120140.E+03  2.8300E-01  0.0000E+00
123144.E+03  2.9965E-01  0.0000E+00
126147.E+03  1.6647E-01  0.0000E+00
129151.E+03  4.3283E-01  0.0000E+00
132154.E+03  2.8300E-01  0.0000E+00
135158.E+03  2.4971E-01  0.0000E+00
138161.E+03  3.6624E-01  0.0000E+00
141165.E+03  5.3271E-01  0.0000E+00
144168.E+03  2.6636E-01  0.0000E+00
147172.E+03  4.1618E-01  0.0000E+00
150175.E+03  2.3306E-01  0.0000E+00
153179.E+03  1.6647E-01  0.0000E+00
156182.E+03  2.4971E-01  0.0000E+00
159186.E+03  2.6636E-01  0.0000E+00
162189.E+03  3.3294E-01  0.0000E+00
165193.E+03  3.4959E-01  0.0000E+00
168196.E+03  3.8289E-01  0.0000E+00
171200.E+03  2.8300E-01  0.0000E+00
174203.E+03  3.1630E-01  0.0000E+00
177207.E+03  1.4983E-01  0.0000E+00
180210.E+03  1.6647E-01  0.0000E+00
183214.E+03  2.1641E-01  0.0000E+00
186217.E+03  2.4971E-01  0.0000E+00
189221.E+03  2.8300E-01  0.0000E+00
192224.E+03  2.6636E-01  0.0000E+00
195228.E+03  2.4971E-01  0.0000E+00
198231.E+03  2.3306E-01  0.0000E+00
201235.E+03  2.4971E-01  0.0000E+00
204238.E+03  3.6624E-01  0.0000E+00
207242.E+03  2.4971E-01  0.0000E+00
210245.E+03  2.6636E-01  0.0000E+00
213249.E+03  2.8300E-01  0.0000E+00
216252.E+03  1.6647E-01  0.0000E+00
219256.E+03  1.6647E-01  0.0000E+00
222259.E+03  1.4983E-01  0.0000E+00
225263.E+03  1.3318E-01  0.0000E+00
228266.E+03  1.9977E-01  0.0000E+00
231270.E+03  1.6647E-01  0.0000E+00
234273.E+03  1.6647E-01  0.0000E+00
237277.E+03  2.4971E-01  0.0000E+00
240280.E+03  1.6647E-01  0.0000E+00
243284.E+03  8.3236E-02  0.0000E+00
246287.E+03  2.3306E-01  0.0000E+00
249291.E+03  1.3318E-01  0.0000E+00
252294.E+03  1.4983E-01  0.0000E+00
255298.E+03  1.1653E-01  0.0000E+00
258301.E+03  1.1653E-01  0.0000E+00
261305.E+03  1.9977E-01  0.0000E+00
264308.E+03  9.9883E-02  0.0000E+00
267312.E+03  6.6589E-02  0.0000E+00
270315.E+03  6.6589E-02  0.0000E+00
273319.E+03  6.6589E-02  0.0000E+00
276322.E+03  4.9942E-02  0.0000E+00
279326.E+03  3.3294E-02  0.0000E+00
282329.E+03  9.9883E-02  0.0000E+00
285333.E+03  9.9883E-02  0.0000E+00
288336.E+03  1.1653E-01  0.0000E+00
291340.E+03  8.3236E-02  0.0000E+00
294343.E+03  4.9942E-02  0.0000E+00
297347.E+03  6.6589E-02  0.0000E+00
300350.E+03  6.6589E-02  0.0000E+00
