300170.E+01  6.6629E-02  0.0000E+00
600340.E+01  0.0000E+00  0.0000E+00
900510.E+01  0.0000E+00  0.0000E+00
120068.E+02  0.0000E+00  0.0000E+00
150085.E+02  3.3314E-02  0.0000E+00
180102.E+02  1.6657E-02  0.0000E+00
210119.E+02  1.6657E-02  0.0000E+00
240136.E+02  0.0000E+00  0.0000E+00
270153.E+02  0.0000E+00  0.0000E+00
300170.E+02  0.0000E+00  0.0000E+00
330187.E+02  0.0000E+00  0.0000E+00
360204.E+02  0.0000E+00  0.0000E+00
390221.E+02  0.0000E+00  0.0000E+00
420238.E+02  0.0000E+00  0.0000E+00
450255.E+02  1.6657E-02  0.0000E+00
480272.E+02  3.3314E-02  0.0000E+00
510289.E+02  6.6629E-02  0.0000E+00
540306.E+02  1.6657E-02  0.0000E+00
570323.E+02  4.9972E-02  0.0000E+00
600340.E+02  4.9972E-02  0.0000E+00
630357.E+02  0.0000E+00  0.0000E+00
660374.E+02  1.6657E-02  0.0000E+00
690391.E+02  4.9972E-02  0.0000E+00
720408.E+02  3.3314E-02  0.0000E+00
750425.E+02  1.6657E-02  0.0000E+00
780442.E+02  1.6657E-02  0.0000E+00
810459.E+02  0.0000E+00  0.0000E+00
840476.E+02  6.6629E-02  0.0000E+00
870493.E+02  6.6629E-02  0.0000E+00
900510.E+02  4.9972E-02  0.0000E+00
930527.E+02  3.3314E-02  0.0000E+00
960544.E+02  4.9972E-02  0.0000E+00
990561.E+02  3.3314E-02  0.0000E+00
102058.E+03  6.6629E-02  0.0000E+00
105060.E+03  6.6629E-02  0.0000E+00
108061.E+03  6.6629E-02  0.0000E+00
111063.E+03  4.9972E-02  0.0000E+00
114065.E+03  8.3286E-02  0.0000E+00
117066.E+03  1.1660E-01  0.0000E+00
120068.E+03  9.9943E-02  0.0000E+00
123070.E+03  4.9972E-02  0.0000E+00
126071.E+03  8.3286E-02  0.0000E+00
129073.E+03  4.9972E-02  0.0000E+00
132075.E+03  9.9943E-02  0.0000E+00
135077.E+03  6.6629E-02  0.0000E+00
138078.E+03  8.3286E-02  0.0000E+00
141080.E+03  9.9943E-02  0.0000E+00
144082.E+03  9.9943E-02  0.0000E+00
147083.E+03  9.9943E-02  0.0000E+00
150085.E+03  8.3286E-02  0.0000E+00
153087.E+03  6.6629E-02  0.0000E+00
156088.E+03  1.3326E-01  0.0000E+00
159090.E+03  8.3286E-02  0.0000E+00
162092.E+03  9.9943E-02  0.0000E+00
165094.E+03  1.1660E-01  0.0000E+00
168095.E+03  4.9972E-02  0.0000E+00
171097.E+03  1.1660E-01  0.0000E+00
174099.E+03  1.3326E-01  0.0000E+00
177100.E+03  9.9943E-02  0.0000E+00
180102.E+03  8.3286E-02  0.0000E+00
183104.E+03  9.9943E-02  0.0000E+00
186105.E+03  8.3286E-02  0.0000E+00
189107.E+03  1.3326E-01  0.0000E+00
192109.E+03  1.8323E-01  0.0000E+00
195111.E+03  1.9989E-01  0.0000E+00
198112.E+03  1.4992E-01  0.0000E+00
201114.E+03  2.1654E-01  0.0000E+00
204116.E+03  9.9943E-02  0.0000E+00
207117.E+03  1.1660E-01  0.0000E+00
210119.E+03  1.9989E-01  0.0000E+00
213121.E+03  8.3286E-02  0.0000E+00
216122.E+03  2.3320E-01  0.0000E+00
219124.E+03  1.9989E-01  0.0000E+00
222126.E+03  2.3320E-01  0.0000E+00
225128.E+03  2.1654E-01  0.0000E+00
228129.E+03  1.6657E-01  0.0000E+00
231131.E+03  2.3320E-01  0.0000E+00
234133.E+03  2.6652E-01  0.0000E+00
237134.E+03  2.6652E-01  0.0000E+00
240136.E+03  2.1654E-01  0.0000E+00
243138.E+03  2.4986E-01  0.0000E+00
246139.E+03  2.9983E-01  0.0000E+00
249141.E+03  2.3320E-01  0.0000E+00
252143.E+03  1.9989E-01  0.0000E+00
255145.E+03  2.6652E-01  0.0000E+00
258146.E+03  2.9983E-01  0.0000E+00
261148.E+03  2.8317E-01  0.0000E+00
264150.E+03  5.1637E-01  0.0000E+00
267151.E+03  3.3314E-01  0.0000E+00
270153.E+03  3.1649E-01  0.0000E+00
273155.E+03  3.1649E-01  0.0000E+00
276156.E+03  2.6652E-01  0.0000E+00
279158.E+03  3.4980E-01  0.0000E+00
282160.E+03  2.6652E-01  0.0000E+00
285162.E+03  2.9983E-01  0.0000E+00
288163.E+03  4.3309E-01  0.0000E+00
291165.E+03  3.6646E-01  0.0000E+00
294167.E+03  3.4980E-01  0.0000E+00
297168.E+03  4.6640E-01  0.0000E+00
300170.E+03  3.8312E-01  0.0000E+00
