300175.E+01  7.4956E-01  0.0000E+00
600350.E+01  1.6657E-02  0.0000E+00
900525.E+01  1.6657E-02  0.0000E+00
120070.E+02  9.9942E-02  0.0000E+00
150088.E+02  0.0000E+00  0.0000E+00
180105.E+02  8.3285E-02  0.0000E+00
210123.E+02  6.6628E-02  0.0000E+00
240140.E+02  4.9971E-02  0.0000E+00
270158.E+02  4.9971E-02  0.0000E+00
300175.E+02  4.9971E-02  0.0000E+00
330193.E+02  4.9971E-02  0.0000E+00
360210.E+02  8.3285E-02  0.0000E+00
390228.E+02  3.3314E-02  0.0000E+00
420245.E+02  8.3285E-02  0.0000E+00
450263.E+02  3.3314E-02  0.0000E+00
480280.E+02  9.9942E-02  0.0000E+00
510298.E+02  8.3285E-02  0.0000E+00
540315.E+02  8.3285E-02  0.0000E+00
570333.E+02  6.6628E-02  0.0000E+00
600350.E+02  8.3285E-02  0.0000E+00
630368.E+02  3.3314E-02  0.0000E+00
660385.E+02  9.9942E-02  0.0000E+00
690403.E+02  6.6628E-02  0.0000E+00
720420.E+02  8.3285E-02  0.0000E+00
750438.E+02  6.6628E-02  0.0000E+00
780455.E+02  1.4991E-01  0.0000E+00
810473.E+02  1.3326E-01  0.0000E+00
840490.E+02  8.3285E-02  0.0000E+00
870508.E+02  6.6628E-02  0.0000E+00
900525.E+02  1.1660E-01  0.0000E+00
930543.E+02  1.6657E-01  0.0000E+00
960560.E+02  1.1660E-01  0.0000E+00
990578.E+02  1.1660E-01  0.0000E+00
102060.E+03  9.9942E-02  0.0000E+00
105061.E+03  1.3326E-01  0.0000E+00
108063.E+03  1.3326E-01  0.0000E+00
111065.E+03  2.3320E-01  0.0000E+00
114067.E+03  1.3326E-01  0.0000E+00
117068.E+03  1.1660E-01  0.0000E+00
120070.E+03  1.6657E-01  0.0000E+00
123072.E+03  1.9988E-01  0.0000E+00
126074.E+03  2.1654E-01  0.0000E+00
129075.E+03  2.3320E-01  0.0000E+00
132077.E+03  1.6657E-01  0.0000E+00
135079.E+03  2.3320E-01  0.0000E+00
138081.E+03  1.9988E-01  0.0000E+00
141082.E+03  2.8317E-01  0.0000E+00
144084.E+03  3.3314E-01  0.0000E+00
147086.E+03  1.6657E-01  0.0000E+00
150088.E+03  1.6657E-01  0.0000E+00
153089.E+03  2.4985E-01  0.0000E+00
156091.E+03  1.8323E-01  0.0000E+00
159093.E+03  2.3320E-01  0.0000E+00
162095.E+03  9.9942E-02  0.0000E+00
165096.E+03  1.9988E-01  0.0000E+00
168098.E+03  2.6651E-01  0.0000E+00
171100.E+03  2.4985E-01  0.0000E+00
174102.E+03  2.6651E-01  0.0000E+00
177103.E+03  3.6645E-01  0.0000E+00
180105.E+03  3.4980E-01  0.0000E+00
183107.E+03  2.3320E-01  0.0000E+00
186109.E+03  4.3308E-01  0.0000E+00
189110.E+03  2.4985E-01  0.0000E+00
192112.E+03  2.4985E-01  0.0000E+00
195114.E+03  3.4980E-01  0.0000E+00
198116.E+03  3.8311E-01  0.0000E+00
201117.E+03  3.3314E-01  0.0000E+00
204119.E+03  3.1648E-01  0.0000E+00
207121.E+03  3.9977E-01  0.0000E+00
210123.E+03  3.3314E-01  0.0000E+00
213124.E+03  2.8317E-01  0.0000E+00
216126.E+03  5.1637E-01  0.0000E+00
219128.E+03  3.9977E-01  0.0000E+00
222130.E+03  4.9971E-01  0.0000E+00
225131.E+03  4.8305E-01  0.0000E+00
228133.E+03  5.1637E-01  0.0000E+00
231135.E+03  4.6639E-01  0.0000E+00
234137.E+03  4.8305E-01  0.0000E+00
237138.E+03  5.3302E-01  0.0000E+00
240140.E+03  4.6639E-01  0.0000E+00
243142.E+03  4.8305E-01  0.0000E+00
246144.E+03  4.4974E-01  0.0000E+00
249145.E+03  4.8305E-01  0.0000E+00
252147.E+03  5.4968E-01  0.0000E+00
255149.E+03  5.3302E-01  0.0000E+00
258151.E+03  5.6634E-01  0.0000E+00
261152.E+03  4.4974E-01  0.0000E+00
264154.E+03  5.1637E-01  0.0000E+00
267156.E+03  6.9959E-01  0.0000E+00
270158.E+03  3.6645E-01  0.0000E+00
273159.E+03  4.6639E-01  0.0000E+00
276161.E+03  5.9965E-01  0.0000E+00
279163.E+03  5.6634E-01  0.0000E+00
282165.E+03  4.9971E-01  0.0000E+00
285166.E+03  3.9977E-01  0.0000E+00
288168.E+03  4.3308E-01  0.0000E+00
291170.E+03  6.4962E-01  0.0000E+00
294172.E+03  5.8299E-01  0.0000E+00
297173.E+03  4.1642E-01  0.0000E+00
300175.E+03  6.4962E-01  0.0000E+00
