300110.E+01  3.4487E+00  0.0000E+00
600220.E+01  8.3303E-02  0.0000E+00
900330.E+01  6.6642E-02  0.0000E+00
120044.E+02  2.3325E-01  0.0000E+00
150055.E+02  6.6642E-02  0.0000E+00
180066.E+02  1.9993E-01  0.0000E+00
210077.E+02  1.6661E-01  0.0000E+00
240088.E+02  2.1659E-01  0.0000E+00
270099.E+02  2.1659E-01  0.0000E+00
300110.E+02  1.9993E-01  0.0000E+00
330121.E+02  2.3325E-01  0.0000E+00
360132.E+02  2.4991E-01  0.0000E+00
390143.E+02  1.6661E-01  0.0000E+00
420154.E+02  2.3325E-01  0.0000E+00
450165.E+02  1.6661E-01  0.0000E+00
480176.E+02  1.9993E-01  0.0000E+00
510187.E+02  3.3321E-01  0.0000E+00
540198.E+02  1.9993E-01  0.0000E+00
570209.E+02  2.1659E-01  0.0000E+00
600220.E+02  3.1655E-01  0.0000E+00
630231.E+02  3.1655E-01  0.0000E+00
660242.E+02  1.8327E-01  0.0000E+00
690253.E+02  2.9989E-01  0.0000E+00
720264.E+02  3.3321E-01  0.0000E+00
750275.E+02  3.1655E-01  0.0000E+00
780286.E+02  3.9985E-01  0.0000E+00
810297.E+02  2.6657E-01  0.0000E+00
840308.E+02  4.4984E-01  0.0000E+00
870319.E+02  3.8319E-01  0.0000E+00
900330.E+02  2.8323E-01  0.0000E+00
930341.E+02  3.9985E-01  0.0000E+00
960352.E+02  3.1655E-01  0.0000E+00
990363.E+02  6.6642E-01  0.0000E+00
102037.E+03  4.8316E-01  0.0000E+00
105039.E+03  6.4976E-01  0.0000E+00
108040.E+03  7.3306E-01  0.0000E+00
111041.E+03  7.6639E-01  0.0000E+00
114042.E+03  9.1633E-01  0.0000E+00
117043.E+03  8.9967E-01  0.0000E+00
120044.E+03  8.3303E-01  0.0000E+00
123045.E+03  7.6639E-01  0.0000E+00
126046.E+03  1.0330E+00  0.0000E+00
129047.E+03  8.3303E-01  0.0000E+00
132048.E+03  7.8305E-01  0.0000E+00
135050.E+03  8.3303E-01  0.0000E+00
138051.E+03  1.0663E+00  0.0000E+00
141052.E+03  9.9963E-01  0.0000E+00
144053.E+03  9.4965E-01  0.0000E+00
147054.E+03  9.9963E-01  0.0000E+00
150055.E+03  6.4976E-01  0.0000E+00
153056.E+03  6.6642E-01  0.0000E+00
156057.E+03  8.8301E-01  0.0000E+00
159058.E+03  7.6639E-01  0.0000E+00
162059.E+03  6.8308E-01  0.0000E+00
165061.E+03  6.9974E-01  0.0000E+00
168062.E+03  6.4976E-01  0.0000E+00
171063.E+03  4.3317E-01  0.0000E+00
174064.E+03  3.4987E-01  0.0000E+00
177065.E+03  3.8319E-01  0.0000E+00
180066.E+03  2.6657E-01  0.0000E+00
183067.E+03  2.4991E-01  0.0000E+00
186068.E+03  2.4991E-01  0.0000E+00
189069.E+03  1.9993E-01  0.0000E+00
192070.E+03  2.3325E-01  0.0000E+00
195072.E+03  1.8327E-01  0.0000E+00
198073.E+03  9.9963E-02  0.0000E+00
201074.E+03  8.3303E-02  0.0000E+00
204075.E+03  8.3303E-02  0.0000E+00
207076.E+03  6.6642E-02  0.0000E+00
210077.E+03  1.6661E-02  0.0000E+00
213078.E+03  3.3321E-02  0.0000E+00
216079.E+03  0.0000E+00  0.0000E+00
219080.E+03  0.0000E+00  0.0000E+00
222081.E+03  1.6661E-02  0.0000E+00
225083.E+03  0.0000E+00  0.0000E+00
228084.E+03  0.0000E+00  0.0000E+00
231085.E+03  0.0000E+00  0.0000E+00
234086.E+03  0.0000E+00  0.0000E+00
237087.E+03  0.0000E+00  0.0000E+00
240088.E+03  0.0000E+00  0.0000E+00
243089.E+03  0.0000E+00  0.0000E+00
246090.E+03  0.0000E+00  0.0000E+00
249091.E+03  0.0000E+00  0.0000E+00
252092.E+03  0.0000E+00  0.0000E+00
255094.E+03  0.0000E+00  0.0000E+00
258095.E+03  0.0000E+00  0.0000E+00
261096.E+03  0.0000E+00  0.0000E+00
264097.E+03  0.0000E+00  0.0000E+00
267098.E+03  0.0000E+00  0.0000E+00
270099.E+03  0.0000E+00  0.0000E+00
273100.E+03  0.0000E+00  0.0000E+00
276101.E+03  0.0000E+00  0.0000E+00
279102.E+03  0.0000E+00  0.0000E+00
282103.E+03  0.0000E+00  0.0000E+00
285105.E+03  0.0000E+00  0.0000E+00
288106.E+03  0.0000E+00  0.0000E+00
291107.E+03  0.0000E+00  0.0000E+00
294108.E+03  0.0000E+00  0.0000E+00
297109.E+03  0.0000E+00  0.0000E+00
300110.E+03  0.0000E+00  0.0000E+00
