300180.E+01  2.8816E+00  0.0000E+00
600360.E+01  9.9940E-02  0.0000E+00
900540.E+01  1.8322E-01  0.0000E+00
120072.E+02  2.8316E-01  0.0000E+00
150090.E+02  2.1654E-01  0.0000E+00
180108.E+02  2.1654E-01  0.0000E+00
210126.E+02  2.4985E-01  0.0000E+00
240144.E+02  1.4991E-01  0.0000E+00
270162.E+02  3.3313E-01  0.0000E+00
300180.E+02  2.6651E-01  0.0000E+00
330198.E+02  2.4985E-01  0.0000E+00
360216.E+02  2.9982E-01  0.0000E+00
390234.E+02  2.6651E-01  0.0000E+00
420252.E+02  3.6645E-01  0.0000E+00
450270.E+02  3.9976E-01  0.0000E+00
480288.E+02  2.6651E-01  0.0000E+00
510306.E+02  3.9976E-01  0.0000E+00
540324.E+02  3.8310E-01  0.0000E+00
570342.E+02  4.6639E-01  0.0000E+00
600360.E+02  5.1636E-01  0.0000E+00
630378.E+02  5.1636E-01  0.0000E+00
660396.E+02  5.4967E-01  0.0000E+00
690414.E+02  4.3307E-01  0.0000E+00
720432.E+02  5.6633E-01  0.0000E+00
750450.E+02  5.3301E-01  0.0000E+00
780468.E+02  6.8292E-01  0.0000E+00
810486.E+02  6.3295E-01  0.0000E+00
840504.E+02  4.4973E-01  0.0000E+00
870522.E+02  6.4961E-01  0.0000E+00
900540.E+02  5.1636E-01  0.0000E+00
930558.E+02  3.1648E-01  0.0000E+00
960576.E+02  7.6621E-01  0.0000E+00
990594.E+02  6.9958E-01  0.0000E+00
102061.E+03  5.4967E-01  0.0000E+00
105063.E+03  7.6621E-01  0.0000E+00
108065.E+03  8.1618E-01  0.0000E+00
111067.E+03  4.8304E-01  0.0000E+00
114068.E+03  4.6639E-01  0.0000E+00
117070.E+03  4.8304E-01  0.0000E+00
120072.E+03  6.6627E-01  0.0000E+00
123074.E+03  5.8298E-01  0.0000E+00
126076.E+03  5.3301E-01  0.0000E+00
129077.E+03  5.9964E-01  0.0000E+00
132079.E+03  7.4955E-01  0.0000E+00
135081.E+03  8.4949E-01  0.0000E+00
138083.E+03  7.1624E-01  0.0000E+00
141085.E+03  7.1624E-01  0.0000E+00
144086.E+03  6.1630E-01  0.0000E+00
147088.E+03  4.9970E-01  0.0000E+00
150090.E+03  6.9958E-01  0.0000E+00
153092.E+03  6.3295E-01  0.0000E+00
156094.E+03  7.3289E-01  0.0000E+00
159095.E+03  4.9970E-01  0.0000E+00
162097.E+03  5.3301E-01  0.0000E+00
165099.E+03  4.3307E-01  0.0000E+00
168101.E+03  4.4973E-01  0.0000E+00
171103.E+03  3.1648E-01  0.0000E+00
174104.E+03  4.4973E-01  0.0000E+00
177106.E+03  3.4979E-01  0.0000E+00
180108.E+03  2.8316E-01  0.0000E+00
183110.E+03  4.1642E-01  0.0000E+00
186112.E+03  2.4985E-01  0.0000E+00
189113.E+03  1.6657E-01  0.0000E+00
192115.E+03  2.1654E-01  0.0000E+00
195117.E+03  1.6657E-01  0.0000E+00
198119.E+03  6.6627E-02  0.0000E+00
201121.E+03  1.9988E-01  0.0000E+00
204122.E+03  1.3325E-01  0.0000E+00
207124.E+03  1.1660E-01  0.0000E+00
210126.E+03  3.3313E-02  0.0000E+00
213128.E+03  9.9940E-02  0.0000E+00
216130.E+03  4.9970E-02  0.0000E+00
219131.E+03  0.0000E+00  0.0000E+00
222133.E+03  4.9970E-02  0.0000E+00
225135.E+03  0.0000E+00  0.0000E+00
228137.E+03  0.0000E+00  0.0000E+00
231139.E+03  1.6657E-02  0.0000E+00
234140.E+03  0.0000E+00  0.0000E+00
237142.E+03  0.0000E+00  0.0000E+00
240144.E+03  3.3313E-02  0.0000E+00
243146.E+03  1.6657E-02  0.0000E+00
246148.E+03  0.0000E+00  0.0000E+00
249149.E+03  0.0000E+00  0.0000E+00
252151.E+03  0.0000E+00  0.0000E+00
255153.E+03  0.0000E+00  0.0000E+00
258155.E+03  0.0000E+00  0.0000E+00
261157.E+03  0.0000E+00  0.0000E+00
264158.E+03  0.0000E+00  0.0000E+00
267160.E+03  0.0000E+00  0.0000E+00
270162.E+03  0.0000E+00  0.0000E+00
273164.E+03  0.0000E+00  0.0000E+00
276166.E+03  0.0000E+00  0.0000E+00
279167.E+03  0.0000E+00  0.0000E+00
282169.E+03  0.0000E+00  0.0000E+00
285171.E+03  0.0000E+00  0.0000E+00
288173.E+03  0.0000E+00  0.0000E+00
291175.E+03  0.0000E+00  0.0000E+00
294176.E+03  0.0000E+00  0.0000E+00
297178.E+03  0.0000E+00  0.0000E+00
300180.E+03  0.0000E+00  0.0000E+00
