300100.E+01  1.7494E+00  0.0000E+00
600200.E+01  1.6661E-02  0.0000E+00
900300.E+01  1.6661E-02  0.0000E+00
120040.E+02  0.0000E+00  0.0000E+00
150050.E+02  1.6661E-02  0.0000E+00
180060.E+02  1.6661E-02  0.0000E+00
210070.E+02  1.6661E-02  0.0000E+00
240080.E+02  4.9984E-02  0.0000E+00
270090.E+02  1.6661E-02  0.0000E+00
300100.E+02  1.6661E-02  0.0000E+00
330110.E+02  1.6661E-02  0.0000E+00
360120.E+02  0.0000E+00  0.0000E+00
390130.E+02  3.3323E-02  0.0000E+00
420140.E+02  3.3323E-02  0.0000E+00
450150.E+02  4.9984E-02  0.0000E+00
480160.E+02  4.9984E-02  0.0000E+00
510170.E+02  4.9984E-02  0.0000E+00
540180.E+02  3.3323E-02  0.0000E+00
570190.E+02  3.3323E-02  0.0000E+00
600200.E+02  8.3307E-02  0.0000E+00
630210.E+02  3.3323E-02  0.0000E+00
660220.E+02  3.3323E-02  0.0000E+00
690230.E+02  4.9984E-02  0.0000E+00
720240.E+02  0.0000E+00  0.0000E+00
750250.E+02  6.6646E-02  0.0000E+00
780260.E+02  3.3323E-02  0.0000E+00
810270.E+02  1.6661E-02  0.0000E+00
840280.E+02  4.9984E-02  0.0000E+00
870290.E+02  0.0000E+00  0.0000E+00
900300.E+02  3.3323E-02  0.0000E+00
930310.E+02  0.0000E+00  0.0000E+00
960320.E+02  0.0000E+00  0.0000E+00
990330.E+02  3.3323E-02  0.0000E+00
102034.E+03  8.3307E-02  0.0000E+00
105035.E+03  4.9984E-02  0.0000E+00
108036.E+03  3.3323E-02  0.0000E+00
111037.E+03  4.9984E-02  0.0000E+00
114038.E+03  1.6661E-02  0.0000E+00
117039.E+03  3.3323E-02  0.0000E+00
120040.E+03  3.3323E-02  0.0000E+00
123041.E+03  9.9968E-02  0.0000E+00
126042.E+03  4.9984E-02  0.0000E+00
129043.E+03  4.9984E-02  0.0000E+00
132044.E+03  3.3323E-02  0.0000E+00
135045.E+03  1.6661E-02  0.0000E+00
138046.E+03  3.3323E-02  0.0000E+00
141047.E+03  6.6646E-02  0.0000E+00
144048.E+03  3.3323E-02  0.0000E+00
147049.E+03  4.9984E-02  0.0000E+00
150050.E+03  0.0000E+00  0.0000E+00
153051.E+03  1.6661E-02  0.0000E+00
156052.E+03  9.9968E-02  0.0000E+00
159053.E+03  8.3307E-02  0.0000E+00
162054.E+03  6.6646E-02  0.0000E+00
165055.E+03  1.6661E-02  0.0000E+00
168056.E+03  4.9984E-02  0.0000E+00
171057.E+03  3.3323E-02  0.0000E+00
174058.E+03  3.3323E-02  0.0000E+00
177059.E+03  4.9984E-02  0.0000E+00
180060.E+03  3.3323E-02  0.0000E+00
183061.E+03  4.9984E-02  0.0000E+00
186062.E+03  3.3323E-02  0.0000E+00
189063.E+03  8.3307E-02  0.0000E+00
192064.E+03  1.1663E-01  0.0000E+00
195065.E+03  6.6646E-02  0.0000E+00
198066.E+03  0.0000E+00  0.0000E+00
201067.E+03  4.9984E-02  0.0000E+00
204068.E+03  4.9984E-02  0.0000E+00
207069.E+03  1.3329E-01  0.0000E+00
210070.E+03  1.6661E-02  0.0000E+00
213071.E+03  8.3307E-02  0.0000E+00
216072.E+03  1.1663E-01  0.0000E+00
219073.E+03  1.6661E-02  0.0000E+00
222074.E+03  9.9968E-02  0.0000E+00
225075.E+03  3.3323E-02  0.0000E+00
228076.E+03  1.6661E-02  0.0000E+00
231077.E+03  8.3307E-02  0.0000E+00
234078.E+03  1.6661E-02  0.0000E+00
237079.E+03  9.9968E-02  0.0000E+00
240080.E+03  4.9984E-02  0.0000E+00
243081.E+03  1.1663E-01  0.0000E+00
246082.E+03  6.6646E-02  0.0000E+00
249083.E+03  3.3323E-02  0.0000E+00
252084.E+03  3.3323E-02  0.0000E+00
255085.E+03  1.6661E-01  0.0000E+00
258086.E+03  1.6661E-02  0.0000E+00
261087.E+03  6.6646E-02  0.0000E+00
264088.E+03  6.6646E-02  0.0000E+00
267089.E+03  1.6661E-02  0.0000E+00
270090.E+03  9.9968E-02  0.0000E+00
273091.E+03  4.9984E-02  0.0000E+00
276092.E+03  4.9984E-02  0.0000E+00
279093.E+03  1.4995E-01  0.0000E+00
282094.E+03  1.6661E-02  0.0000E+00
285095.E+03  8.3307E-02  0.0000E+00
288096.E+03  9.9968E-02  0.0000E+00
291097.E+03  9.9968E-02  0.0000E+00
294098.E+03  6.6646E-02  0.0000E+00
297099.E+03  1.1663E-01  0.0000E+00
300100.E+03  1.6661E-01  0.0000E+00
