300090.E+01  8.3642E+00  0.0000E+00
600180.E+01  2.1660E-01  0.0000E+00
900270.E+01  1.8328E-01  0.0000E+00
120036.E+02  2.3326E-01  0.0000E+00
150045.E+02  2.9991E-01  0.0000E+00
180054.E+02  2.1660E-01  0.0000E+00
210063.E+02  2.8325E-01  0.0000E+00
240072.E+02  1.8328E-01  0.0000E+00
270081.E+02  1.6662E-01  0.0000E+00
300090.E+02  1.6662E-01  0.0000E+00
330099.E+02  3.1657E-01  0.0000E+00
360108.E+02  3.4990E-01  0.0000E+00
390117.E+02  3.3323E-01  0.0000E+00
420126.E+02  1.9994E-01  0.0000E+00
450135.E+02  2.6659E-01  0.0000E+00
480144.E+02  3.4990E-01  0.0000E+00
510153.E+02  2.8325E-01  0.0000E+00
540162.E+02  2.3326E-01  0.0000E+00
570171.E+02  2.6659E-01  0.0000E+00
600180.E+02  2.3326E-01  0.0000E+00
630189.E+02  3.1657E-01  0.0000E+00
660198.E+02  4.3320E-01  0.0000E+00
690207.E+02  4.6653E-01  0.0000E+00
720216.E+02  2.4993E-01  0.0000E+00
750225.E+02  4.3320E-01  0.0000E+00
780234.E+02  3.3323E-01  0.0000E+00
810243.E+02  2.1660E-01  0.0000E+00
840252.E+02  5.4984E-01  0.0000E+00
870261.E+02  2.6659E-01  0.0000E+00
900270.E+02  2.6659E-01  0.0000E+00
930279.E+02  3.8322E-01  0.0000E+00
960288.E+02  4.1654E-01  0.0000E+00
990297.E+02  4.1654E-01  0.0000E+00
102031.E+03  3.1657E-01  0.0000E+00
105032.E+03  3.3323E-01  0.0000E+00
108032.E+03  3.1657E-01  0.0000E+00
111033.E+03  2.4993E-01  0.0000E+00
114034.E+03  4.9985E-01  0.0000E+00
117035.E+03  3.3323E-01  0.0000E+00
120036.E+03  2.6659E-01  0.0000E+00
123037.E+03  3.4990E-01  0.0000E+00
126038.E+03  3.1657E-01  0.0000E+00
129039.E+03  3.4990E-01  0.0000E+00
132040.E+03  4.1654E-01  0.0000E+00
135041.E+03  4.1654E-01  0.0000E+00
138041.E+03  4.3320E-01  0.0000E+00
141042.E+03  4.3320E-01  0.0000E+00
144043.E+03  3.9988E-01  0.0000E+00
147044.E+03  4.3320E-01  0.0000E+00
150045.E+03  4.1654E-01  0.0000E+00
153046.E+03  3.6656E-01  0.0000E+00
156047.E+03  4.8319E-01  0.0000E+00
159048.E+03  3.9988E-01  0.0000E+00
162049.E+03  3.4990E-01  0.0000E+00
165050.E+03  5.9982E-01  0.0000E+00
168050.E+03  4.8319E-01  0.0000E+00
171051.E+03  2.8325E-01  0.0000E+00
174052.E+03  3.4990E-01  0.0000E+00
177053.E+03  2.8325E-01  0.0000E+00
180054.E+03  3.9988E-01  0.0000E+00
183055.E+03  3.8322E-01  0.0000E+00
186056.E+03  3.4990E-01  0.0000E+00
189057.E+03  4.4987E-01  0.0000E+00
192058.E+03  3.4990E-01  0.0000E+00
195059.E+03  3.6656E-01  0.0000E+00
198059.E+03  3.1657E-01  0.0000E+00
201060.E+03  3.1657E-01  0.0000E+00
204061.E+03  3.1657E-01  0.0000E+00
207062.E+03  2.6659E-01  0.0000E+00
210063.E+03  2.6659E-01  0.0000E+00
213064.E+03  2.1660E-01  0.0000E+00
216065.E+03  9.9970E-02  0.0000E+00
219066.E+03  1.8328E-01  0.0000E+00
222067.E+03  2.6659E-01  0.0000E+00
225068.E+03  9.9970E-02  0.0000E+00
228068.E+03  4.9985E-02  0.0000E+00
231069.E+03  1.6662E-01  0.0000E+00
234070.E+03  1.1663E-01  0.0000E+00
237071.E+03  4.9985E-02  0.0000E+00
240072.E+03  1.1663E-01  0.0000E+00
243073.E+03  8.3308E-02  0.0000E+00
246074.E+03  1.1663E-01  0.0000E+00
249075.E+03  6.6647E-02  0.0000E+00
252076.E+03  1.6662E-02  0.0000E+00
255077.E+03  4.9985E-02  0.0000E+00
258077.E+03  1.6662E-02  0.0000E+00
261078.E+03  3.3323E-02  0.0000E+00
264079.E+03  0.0000E+00  0.0000E+00
267080.E+03  1.6662E-02  0.0000E+00
270081.E+03  0.0000E+00  0.0000E+00
273082.E+03  0.0000E+00  0.0000E+00
276083.E+03  0.0000E+00  0.0000E+00
279084.E+03  0.0000E+00  0.0000E+00
282085.E+03  0.0000E+00  0.0000E+00
285086.E+03  0.0000E+00  0.0000E+00
288086.E+03  0.0000E+00  0.0000E+00
291087.E+03  0.0000E+00  0.0000E+00
294088.E+03  0.0000E+00  0.0000E+00
297089.E+03  0.0000E+00  0.0000E+00
300090.E+03  0.0000E+00  0.0000E+00
