300085.E+01  2.8630E+00  0.0000E+00
600170.E+01  4.9936E-02  0.0000E+00
900255.E+01  8.3227E-02  0.0000E+00
120034.E+02  6.6582E-02  0.0000E+00
150043.E+02  1.4981E-01  0.0000E+00
180051.E+02  8.3227E-02  0.0000E+00
210060.E+02  6.6582E-02  0.0000E+00
240068.E+02  8.3227E-02  0.0000E+00
270077.E+02  1.3316E-01  0.0000E+00
300085.E+02  1.1652E-01  0.0000E+00
330094.E+02  1.6645E-02  0.0000E+00
360102.E+02  9.9873E-02  0.0000E+00
390111.E+02  1.6645E-01  0.0000E+00
420119.E+02  6.6582E-02  0.0000E+00
450128.E+02  6.6582E-02  0.0000E+00
480136.E+02  8.3227E-02  0.0000E+00
510145.E+02  6.6582E-02  0.0000E+00
540153.E+02  1.1652E-01  0.0000E+00
570162.E+02  6.6582E-02  0.0000E+00
600170.E+02  1.1652E-01  0.0000E+00
630179.E+02  1.1652E-01  0.0000E+00
660187.E+02  6.6582E-02  0.0000E+00
690196.E+02  8.3227E-02  0.0000E+00
720204.E+02  1.4981E-01  0.0000E+00
750213.E+02  1.8310E-01  0.0000E+00
780221.E+02  9.9873E-02  0.0000E+00
810230.E+02  1.9975E-01  0.0000E+00
840238.E+02  1.3316E-01  0.0000E+00
870247.E+02  1.4981E-01  0.0000E+00
900255.E+02  1.1652E-01  0.0000E+00
930264.E+02  1.1652E-01  0.0000E+00
960272.E+02  1.3316E-01  0.0000E+00
990281.E+02  6.6582E-02  0.0000E+00
102029.E+03  1.9975E-01  0.0000E+00
105030.E+03  1.3316E-01  0.0000E+00
108031.E+03  1.1652E-01  0.0000E+00
111031.E+03  1.9975E-01  0.0000E+00
114032.E+03  1.8310E-01  0.0000E+00
117033.E+03  1.1652E-01  0.0000E+00
120034.E+03  1.4981E-01  0.0000E+00
123035.E+03  1.1652E-01  0.0000E+00
126036.E+03  2.4968E-01  0.0000E+00
129037.E+03  1.3316E-01  0.0000E+00
132037.E+03  2.6633E-01  0.0000E+00
135038.E+03  2.4968E-01  0.0000E+00
138039.E+03  1.1652E-01  0.0000E+00
141040.E+03  1.9975E-01  0.0000E+00
144041.E+03  1.9975E-01  0.0000E+00
147042.E+03  3.6620E-01  0.0000E+00
150043.E+03  1.9975E-01  0.0000E+00
153043.E+03  2.8297E-01  0.0000E+00
156044.E+03  2.3304E-01  0.0000E+00
159045.E+03  1.4981E-01  0.0000E+00
162046.E+03  2.3304E-01  0.0000E+00
165047.E+03  3.6620E-01  0.0000E+00
168048.E+03  3.1626E-01  0.0000E+00
171048.E+03  3.1626E-01  0.0000E+00
174049.E+03  3.3291E-01  0.0000E+00
177050.E+03  2.6633E-01  0.0000E+00
180051.E+03  2.3304E-01  0.0000E+00
183052.E+03  3.3291E-01  0.0000E+00
186053.E+03  2.6633E-01  0.0000E+00
189054.E+03  2.8297E-01  0.0000E+00
192054.E+03  3.1626E-01  0.0000E+00
195055.E+03  3.6620E-01  0.0000E+00
198056.E+03  2.8297E-01  0.0000E+00
201057.E+03  4.4943E-01  0.0000E+00
204058.E+03  4.1614E-01  0.0000E+00
207059.E+03  2.6633E-01  0.0000E+00
210060.E+03  4.8272E-01  0.0000E+00
213060.E+03  6.1588E-01  0.0000E+00
216061.E+03  2.9962E-01  0.0000E+00
219062.E+03  4.1614E-01  0.0000E+00
222063.E+03  4.4943E-01  0.0000E+00
225064.E+03  5.1601E-01  0.0000E+00
228065.E+03  5.3265E-01  0.0000E+00
231065.E+03  5.1601E-01  0.0000E+00
234066.E+03  5.4930E-01  0.0000E+00
237067.E+03  5.6594E-01  0.0000E+00
240068.E+03  3.8285E-01  0.0000E+00
243069.E+03  4.6607E-01  0.0000E+00
246070.E+03  4.8272E-01  0.0000E+00
249071.E+03  4.9936E-01  0.0000E+00
252071.E+03  5.1601E-01  0.0000E+00
255072.E+03  5.3265E-01  0.0000E+00
258073.E+03  4.9936E-01  0.0000E+00
261074.E+03  3.8285E-01  0.0000E+00
264075.E+03  4.9936E-01  0.0000E+00
267076.E+03  5.9924E-01  0.0000E+00
270077.E+03  6.3253E-01  0.0000E+00
273077.E+03  4.1614E-01  0.0000E+00
276078.E+03  4.4943E-01  0.0000E+00
279079.E+03  4.6607E-01  0.0000E+00
282080.E+03  5.8259E-01  0.0000E+00
285081.E+03  2.9962E-01  0.0000E+00
288082.E+03  6.4917E-01  0.0000E+00
291082.E+03  4.8272E-01  0.0000E+00
294083.E+03  4.4943E-01  0.0000E+00
297084.E+03  3.9949E-01  0.0000E+00
300085.E+03  3.4955E-01  0.0000E+00

