300085.E+01  2.9825E+00  0.0000E+00
600170.E+01  6.6648E-02  0.0000E+00
900255.E+01  6.6648E-02  0.0000E+00
120034.E+02  9.9972E-02  0.0000E+00
150043.E+02  1.1663E-01  0.0000E+00
180051.E+02  4.9986E-02  0.0000E+00
210060.E+02  1.4996E-01  0.0000E+00
240068.E+02  1.9994E-01  0.0000E+00
270077.E+02  9.9972E-02  0.0000E+00
300085.E+02  6.6648E-02  0.0000E+00
330094.E+02  2.1661E-01  0.0000E+00
360102.E+02  9.9972E-02  0.0000E+00
390111.E+02  9.9972E-02  0.0000E+00
420119.E+02  1.9994E-01  0.0000E+00
450128.E+02  1.6662E-01  0.0000E+00
480136.E+02  2.4993E-01  0.0000E+00
510145.E+02  9.9972E-02  0.0000E+00
540153.E+02  2.1661E-01  0.0000E+00
570162.E+02  1.6662E-01  0.0000E+00
600170.E+02  1.8328E-01  0.0000E+00
630179.E+02  8.3310E-02  0.0000E+00
660187.E+02  1.8328E-01  0.0000E+00
690196.E+02  1.9994E-01  0.0000E+00
720204.E+02  2.4993E-01  0.0000E+00
750213.E+02  1.9994E-01  0.0000E+00
780221.E+02  1.4996E-01  0.0000E+00
810230.E+02  1.6662E-01  0.0000E+00
840238.E+02  2.6659E-01  0.0000E+00
870247.E+02  2.6659E-01  0.0000E+00
900255.E+02  2.3327E-01  0.0000E+00
930264.E+02  2.8325E-01  0.0000E+00
960272.E+02  1.9994E-01  0.0000E+00
990281.E+02  2.4993E-01  0.0000E+00
102029.E+03  2.3327E-01  0.0000E+00
105030.E+03  2.4993E-01  0.0000E+00
108031.E+03  1.6662E-01  0.0000E+00
111031.E+03  1.6662E-01  0.0000E+00
114032.E+03  1.9994E-01  0.0000E+00
117033.E+03  2.9992E-01  0.0000E+00
120034.E+03  2.8325E-01  0.0000E+00
123035.E+03  3.8322E-01  0.0000E+00
126036.E+03  2.4993E-01  0.0000E+00
129037.E+03  5.3318E-01  0.0000E+00
132037.E+03  3.4990E-01  0.0000E+00
135038.E+03  4.8320E-01  0.0000E+00
138039.E+03  3.8322E-01  0.0000E+00
141040.E+03  5.6651E-01  0.0000E+00
144041.E+03  4.3321E-01  0.0000E+00
147042.E+03  4.1655E-01  0.0000E+00
150043.E+03  5.1652E-01  0.0000E+00
153043.E+03  4.8320E-01  0.0000E+00
156044.E+03  5.3318E-01  0.0000E+00
159045.E+03  3.9989E-01  0.0000E+00
162046.E+03  5.4984E-01  0.0000E+00
165047.E+03  5.1652E-01  0.0000E+00
168048.E+03  4.1655E-01  0.0000E+00
171048.E+03  5.6651E-01  0.0000E+00
174049.E+03  5.8317E-01  0.0000E+00
177050.E+03  5.9983E-01  0.0000E+00
180051.E+03  5.9983E-01  0.0000E+00
183052.E+03  7.1646E-01  0.0000E+00
186053.E+03  6.4982E-01  0.0000E+00
189054.E+03  8.1644E-01  0.0000E+00
192054.E+03  7.3313E-01  0.0000E+00
195055.E+03  7.4979E-01  0.0000E+00
198056.E+03  7.8311E-01  0.0000E+00
201057.E+03  5.8317E-01  0.0000E+00
204058.E+03  6.3315E-01  0.0000E+00
207059.E+03  7.3313E-01  0.0000E+00
210060.E+03  6.1649E-01  0.0000E+00
213060.E+03  5.3318E-01  0.0000E+00
216061.E+03  6.6648E-01  0.0000E+00
219062.E+03  6.8314E-01  0.0000E+00
222063.E+03  5.1652E-01  0.0000E+00
225064.E+03  4.9986E-01  0.0000E+00
228065.E+03  6.1649E-01  0.0000E+00
231065.E+03  3.8322E-01  0.0000E+00
234066.E+03  5.9983E-01  0.0000E+00
237067.E+03  3.9989E-01  0.0000E+00
240068.E+03  2.8325E-01  0.0000E+00
243069.E+03  2.1661E-01  0.0000E+00
246070.E+03  2.6659E-01  0.0000E+00
249071.E+03  2.3327E-01  0.0000E+00
252071.E+03  2.4993E-01  0.0000E+00
255072.E+03  1.4996E-01  0.0000E+00
258073.E+03  1.3330E-01  0.0000E+00
261074.E+03  1.1663E-01  0.0000E+00
264075.E+03  0.0000E+00  0.0000E+00
267076.E+03  9.9972E-02  0.0000E+00
270077.E+03  8.3310E-02  0.0000E+00
273077.E+03  1.6662E-02  0.0000E+00
276078.E+03  1.6662E-02  0.0000E+00
279079.E+03  1.6662E-02  0.0000E+00
282080.E+03  1.6662E-02  0.0000E+00
285081.E+03  1.6662E-02  0.0000E+00
288082.E+03  0.0000E+00  0.0000E+00
291082.E+03  0.0000E+00  0.0000E+00
294083.E+03  0.0000E+00  0.0000E+00
297084.E+03  0.0000E+00  0.0000E+00
300085.E+03  0.0000E+00  0.0000E+00
