300050.E+01  4.9992E-02  0.0000E+00
600100.E+01  1.6664E-02  0.0000E+00
900150.E+01  0.0000E+00  0.0000E+00
120020.E+02  0.0000E+00  0.0000E+00
150025.E+02  0.0000E+00  0.0000E+00
180030.E+02  0.0000E+00  0.0000E+00
210035.E+02  0.0000E+00  0.0000E+00
240040.E+02  0.0000E+00  0.0000E+00
270045.E+02  0.0000E+00  0.0000E+00
300050.E+02  0.0000E+00  0.0000E+00
330055.E+02  1.6664E-02  0.0000E+00
360060.E+02  0.0000E+00  0.0000E+00
390065.E+02  1.6664E-02  0.0000E+00
420070.E+02  3.3328E-02  0.0000E+00
450075.E+02  0.0000E+00  0.0000E+00
480080.E+02  1.6664E-02  0.0000E+00
510085.E+02  3.3328E-02  0.0000E+00
540090.E+02  0.0000E+00  0.0000E+00
570095.E+02  1.6664E-02  0.0000E+00
600100.E+02  4.9992E-02  0.0000E+00
630105.E+02  6.6656E-02  0.0000E+00
660110.E+02  1.6664E-02  0.0000E+00
690115.E+02  1.6664E-02  0.0000E+00
720120.E+02  1.6664E-02  0.0000E+00
750125.E+02  8.3319E-02  0.0000E+00
780130.E+02  6.6656E-02  0.0000E+00
810135.E+02  3.3328E-02  0.0000E+00
840140.E+02  4.9992E-02  0.0000E+00
870145.E+02  9.9983E-02  0.0000E+00
900150.E+02  9.9983E-02  0.0000E+00
930155.E+02  8.3319E-02  0.0000E+00
960160.E+02  6.6656E-02  0.0000E+00
990165.E+02  1.6664E-01  0.0000E+00
102017.E+03  2.8329E-01  0.0000E+00
105018.E+03  2.9995E-01  0.0000E+00
108018.E+03  4.8325E-01  0.0000E+00
111019.E+03  5.3324E-01  0.0000E+00
114019.E+03  6.3323E-01  0.0000E+00
117020.E+03  8.8319E-01  0.0000E+00
120020.E+03  9.6651E-01  0.0000E+00
123021.E+03  1.2831E+00  0.0000E+00
126021.E+03  1.3331E+00  0.0000E+00
129022.E+03  1.9830E+00  0.0000E+00
132022.E+03  1.9330E+00  0.0000E+00
135023.E+03  2.5329E+00  0.0000E+00
138023.E+03  2.9162E+00  0.0000E+00
141024.E+03  2.8329E+00  0.0000E+00
144024.E+03  3.0328E+00  0.0000E+00
147025.E+03  2.7329E+00  0.0000E+00
150025.E+03  2.5329E+00  0.0000E+00
153026.E+03  1.9830E+00  0.0000E+00
156026.E+03  1.2331E+00  0.0000E+00
159027.E+03  9.6651E-01  0.0000E+00
162027.E+03  4.9992E-01  0.0000E+00
165028.E+03  2.3329E-01  0.0000E+00
168028.E+03  8.3319E-02  0.0000E+00
171029.E+03  0.0000E+00  0.0000E+00
174029.E+03  1.6664E-02  0.0000E+00
177030.E+03  0.0000E+00  0.0000E+00
180030.E+03  0.0000E+00  0.0000E+00
183031.E+03  0.0000E+00  0.0000E+00
186031.E+03  0.0000E+00  0.0000E+00
189032.E+03  0.0000E+00  0.0000E+00
192032.E+03  0.0000E+00  0.0000E+00
195033.E+03  0.0000E+00  0.0000E+00
198033.E+03  0.0000E+00  0.0000E+00
201034.E+03  0.0000E+00  0.0000E+00
204034.E+03  0.0000E+00  0.0000E+00
207035.E+03  0.0000E+00  0.0000E+00
210035.E+03  0.0000E+00  0.0000E+00
213036.E+03  0.0000E+00  0.0000E+00
216036.E+03  0.0000E+00  0.0000E+00
219037.E+03  0.0000E+00  0.0000E+00
222037.E+03  0.0000E+00  0.0000E+00
225038.E+03  0.0000E+00  0.0000E+00
228038.E+03  0.0000E+00  0.0000E+00
231039.E+03  0.0000E+00  0.0000E+00
234039.E+03  0.0000E+00  0.0000E+00
237040.E+03  0.0000E+00  0.0000E+00
240040.E+03  0.0000E+00  0.0000E+00
243041.E+03  0.0000E+00  0.0000E+00
246041.E+03  0.0000E+00  0.0000E+00
249042.E+03  0.0000E+00  0.0000E+00
252042.E+03  0.0000E+00  0.0000E+00
255043.E+03  0.0000E+00  0.0000E+00
258043.E+03  0.0000E+00  0.0000E+00
261044.E+03  0.0000E+00  0.0000E+00
264044.E+03  0.0000E+00  0.0000E+00
267045.E+03  0.0000E+00  0.0000E+00
270045.E+03  0.0000E+00  0.0000E+00
273046.E+03  0.0000E+00  0.0000E+00
276046.E+03  0.0000E+00  0.0000E+00
279047.E+03  0.0000E+00  0.0000E+00
282047.E+03  0.0000E+00  0.0000E+00
285048.E+03  0.0000E+00  0.0000E+00
288048.E+03  0.0000E+00  0.0000E+00
291049.E+03  0.0000E+00  0.0000E+00
294049.E+03  0.0000E+00  0.0000E+00
297050.E+03  0.0000E+00  0.0000E+00
300050.E+03  0.0000E+00  0.0000E+00
