300055.E+01  1.0998E+00  0.0000E+00
600110.E+01  3.3327E-02  0.0000E+00
900165.E+01  3.3327E-02  0.0000E+00
120022.E+02  1.6664E-02  0.0000E+00
150028.E+02  0.0000E+00  0.0000E+00
180033.E+02  4.9991E-02  0.0000E+00
210039.E+02  1.6664E-02  0.0000E+00
240044.E+02  3.3327E-02  0.0000E+00
270050.E+02  3.3327E-02  0.0000E+00
300055.E+02  4.9991E-02  0.0000E+00
330061.E+02  1.6664E-02  0.0000E+00
360066.E+02  1.6664E-02  0.0000E+00
390072.E+02  6.6655E-02  0.0000E+00
420077.E+02  3.3327E-02  0.0000E+00
450083.E+02  1.6664E-02  0.0000E+00
480088.E+02  6.6655E-02  0.0000E+00
510094.E+02  4.9991E-02  0.0000E+00
540099.E+02  8.3319E-02  0.0000E+00
570105.E+02  1.6664E-02  0.0000E+00
600110.E+02  1.6664E-02  0.0000E+00
630116.E+02  4.9991E-02  0.0000E+00
660121.E+02  1.6664E-02  0.0000E+00
690127.E+02  4.9991E-02  0.0000E+00
720132.E+02  3.3327E-02  0.0000E+00
750138.E+02  1.6664E-02  0.0000E+00
780143.E+02  8.3319E-02  0.0000E+00
810149.E+02  8.3319E-02  0.0000E+00
840154.E+02  3.3327E-02  0.0000E+00
870160.E+02  4.9991E-02  0.0000E+00
900165.E+02  6.6655E-02  0.0000E+00
930171.E+02  3.3327E-02  0.0000E+00
960176.E+02  6.6655E-02  0.0000E+00
990182.E+02  3.3327E-02  0.0000E+00
102019.E+03  4.9991E-02  0.0000E+00
105019.E+03  8.3319E-02  0.0000E+00
108020.E+03  6.6655E-02  0.0000E+00
111020.E+03  4.9991E-02  0.0000E+00
114021.E+03  4.9991E-02  0.0000E+00
117021.E+03  6.6655E-02  0.0000E+00
120022.E+03  8.3319E-02  0.0000E+00
123023.E+03  3.3327E-02  0.0000E+00
126023.E+03  4.9991E-02  0.0000E+00
129024.E+03  1.4997E-01  0.0000E+00
132024.E+03  4.9991E-02  0.0000E+00
135025.E+03  1.6664E-02  0.0000E+00
138025.E+03  6.6655E-02  0.0000E+00
141026.E+03  8.3319E-02  0.0000E+00
144026.E+03  1.4997E-01  0.0000E+00
147027.E+03  9.9982E-02  0.0000E+00
150028.E+03  9.9982E-02  0.0000E+00
153028.E+03  6.6655E-02  0.0000E+00
156029.E+03  1.4997E-01  0.0000E+00
159029.E+03  4.9991E-02  0.0000E+00
162030.E+03  1.6664E-02  0.0000E+00
165030.E+03  1.3331E-01  0.0000E+00
168031.E+03  9.9982E-02  0.0000E+00
171031.E+03  1.3331E-01  0.0000E+00
174032.E+03  1.1665E-01  0.0000E+00
177032.E+03  4.9991E-02  0.0000E+00
180033.E+03  1.3331E-01  0.0000E+00
183034.E+03  9.9982E-02  0.0000E+00
186034.E+03  8.3319E-02  0.0000E+00
189035.E+03  9.9982E-02  0.0000E+00
192035.E+03  1.9996E-01  0.0000E+00
195036.E+03  1.6664E-01  0.0000E+00
198036.E+03  9.9982E-02  0.0000E+00
201037.E+03  1.6664E-01  0.0000E+00
204037.E+03  1.6664E-01  0.0000E+00
207038.E+03  1.3331E-01  0.0000E+00
210039.E+03  2.3329E-01  0.0000E+00
213039.E+03  1.4997E-01  0.0000E+00
216040.E+03  2.1663E-01  0.0000E+00
219040.E+03  3.1661E-01  0.0000E+00
222041.E+03  2.4996E-01  0.0000E+00
225041.E+03  2.6662E-01  0.0000E+00
228042.E+03  2.8328E-01  0.0000E+00
231042.E+03  2.1663E-01  0.0000E+00
234043.E+03  3.6660E-01  0.0000E+00
237043.E+03  3.3327E-01  0.0000E+00
240044.E+03  3.1661E-01  0.0000E+00
243045.E+03  3.8327E-01  0.0000E+00
246045.E+03  3.6660E-01  0.0000E+00
249046.E+03  3.8327E-01  0.0000E+00
252046.E+03  4.9991E-01  0.0000E+00
255047.E+03  5.9989E-01  0.0000E+00
258047.E+03  3.4994E-01  0.0000E+00
261048.E+03  5.4990E-01  0.0000E+00
264048.E+03  4.9991E-01  0.0000E+00
267049.E+03  4.1659E-01  0.0000E+00
270050.E+03  6.6655E-01  0.0000E+00
273050.E+03  5.3324E-01  0.0000E+00
276051.E+03  5.6657E-01  0.0000E+00
279051.E+03  7.3320E-01  0.0000E+00
282052.E+03  6.4988E-01  0.0000E+00
285052.E+03  7.3320E-01  0.0000E+00
288053.E+03  6.9988E-01  0.0000E+00
291053.E+03  5.3324E-01  0.0000E+00
294054.E+03  7.4987E-01  0.0000E+00
297054.E+03  7.1654E-01  0.0000E+00
300055.E+03  6.9988E-01  0.0000E+00
