300150.E+01  0.0000E+00  0.0000E+00
600300.E+01  0.0000E+00  0.0000E+00
900450.E+01  0.0000E+00  0.0000E+00
120060.E+02  0.0000E+00  0.0000E+00
150075.E+02  0.0000E+00  0.0000E+00
180090.E+02  0.0000E+00  0.0000E+00
210105.E+02  0.0000E+00  0.0000E+00
240120.E+02  0.0000E+00  0.0000E+00
270135.E+02  0.0000E+00  0.0000E+00
300150.E+02  0.0000E+00  0.0000E+00
330165.E+02  0.0000E+00  0.0000E+00
360180.E+02  0.0000E+00  0.0000E+00
390195.E+02  0.0000E+00  0.0000E+00
420210.E+02  0.0000E+00  0.0000E+00
450225.E+02  0.0000E+00  0.0000E+00
480240.E+02  0.0000E+00  0.0000E+00
510255.E+02  0.0000E+00  0.0000E+00
540270.E+02  0.0000E+00  0.0000E+00
570285.E+02  0.0000E+00  0.0000E+00
600300.E+02  0.0000E+00  0.0000E+00
630315.E+02  0.0000E+00  0.0000E+00
660330.E+02  0.0000E+00  0.0000E+00
690345.E+02  0.0000E+00  0.0000E+00
720360.E+02  0.0000E+00  0.0000E+00
750375.E+02  0.0000E+00  0.0000E+00
780390.E+02  0.0000E+00  0.0000E+00
810405.E+02  0.0000E+00  0.0000E+00
840420.E+02  0.0000E+00  0.0000E+00
870435.E+02  1.6658E-02  0.0000E+00
900450.E+02  0.0000E+00  0.0000E+00
930465.E+02  0.0000E+00  0.0000E+00
960480.E+02  0.0000E+00  0.0000E+00
990495.E+02  0.0000E+00  0.0000E+00
102051.E+03  0.0000E+00  0.0000E+00
105053.E+03  0.0000E+00  0.0000E+00
108054.E+03  1.6658E-02  0.0000E+00
111056.E+03  0.0000E+00  0.0000E+00
114057.E+03  0.0000E+00  0.0000E+00
117059.E+03  6.6633E-02  0.0000E+00
120060.E+03  4.9975E-02  0.0000E+00
123062.E+03  6.6633E-02  0.0000E+00
126063.E+03  3.3317E-02  0.0000E+00
129065.E+03  8.3292E-02  0.0000E+00
132066.E+03  3.3317E-02  0.0000E+00
135068.E+03  8.3292E-02  0.0000E+00
138069.E+03  4.9975E-02  0.0000E+00
141071.E+03  9.9950E-02  0.0000E+00
144072.E+03  1.4993E-01  0.0000E+00
147074.E+03  1.3327E-01  0.0000E+00
150075.E+03  2.1656E-01  0.0000E+00
153077.E+03  1.1661E-01  0.0000E+00
156078.E+03  3.6648E-01  0.0000E+00
159080.E+03  3.4983E-01  0.0000E+00
162081.E+03  3.9980E-01  0.0000E+00
165083.E+03  4.3312E-01  0.0000E+00
168084.E+03  3.9980E-01  0.0000E+00
171086.E+03  5.9970E-01  0.0000E+00
174087.E+03  6.3302E-01  0.0000E+00
177089.E+03  7.9960E-01  0.0000E+00
180090.E+03  7.1631E-01  0.0000E+00
183092.E+03  6.3302E-01  0.0000E+00
186093.E+03  9.1621E-01  0.0000E+00
189095.E+03  1.1994E+00  0.0000E+00
192096.E+03  1.2660E+00  0.0000E+00
195098.E+03  1.1994E+00  0.0000E+00
198099.E+03  1.4493E+00  0.0000E+00
201101.E+03  1.5326E+00  0.0000E+00
204102.E+03  1.5159E+00  0.0000E+00
207104.E+03  1.8158E+00  0.0000E+00
210105.E+03  1.6159E+00  0.0000E+00
213107.E+03  1.8824E+00  0.0000E+00
216108.E+03  1.7158E+00  0.0000E+00
219110.E+03  1.3660E+00  0.0000E+00
222111.E+03  1.7491E+00  0.0000E+00
225113.E+03  1.6992E+00  0.0000E+00
228114.E+03  1.3993E+00  0.0000E+00
231116.E+03  1.0328E+00  0.0000E+00
234117.E+03  8.1626E-01  0.0000E+00
237119.E+03  7.9960E-01  0.0000E+00
240120.E+03  5.9970E-01  0.0000E+00
243122.E+03  4.6643E-01  0.0000E+00
246123.E+03  2.6653E-01  0.0000E+00
249125.E+03  1.6658E-01  0.0000E+00
252126.E+03  6.6633E-02  0.0000E+00
255128.E+03  1.3327E-01  0.0000E+00
258129.E+03  6.6633E-02  0.0000E+00
261131.E+03  1.6658E-02  0.0000E+00
264132.E+03  1.6658E-02  0.0000E+00
267134.E+03  0.0000E+00  0.0000E+00
270135.E+03  0.0000E+00  0.0000E+00
273137.E+03  0.0000E+00  0.0000E+00
276138.E+03  0.0000E+00  0.0000E+00
279140.E+03  0.0000E+00  0.0000E+00
282141.E+03  0.0000E+00  0.0000E+00
285143.E+03  0.0000E+00  0.0000E+00
288144.E+03  0.0000E+00  0.0000E+00
291146.E+03  0.0000E+00  0.0000E+00
294147.E+03  0.0000E+00  0.0000E+00
297149.E+03  0.0000E+00  0.0000E+00
300150.E+03  0.0000E+00  0.0000E+00
