300210.E+01  7.6613E-01  0.0000E+00
600420.E+01  1.6655E-02  0.0000E+00
900630.E+01  4.9965E-02  0.0000E+00
120084.E+02  3.3310E-02  0.0000E+00
150105.E+02  4.9965E-02  0.0000E+00
180126.E+02  6.6620E-02  0.0000E+00
210147.E+02  0.0000E+00  0.0000E+00
240168.E+02  1.6655E-02  0.0000E+00
270189.E+02  3.3310E-02  0.0000E+00
300210.E+02  1.6655E-02  0.0000E+00
330231.E+02  8.3275E-02  0.0000E+00
360252.E+02  4.9965E-02  0.0000E+00
390273.E+02  0.0000E+00  0.0000E+00
420294.E+02  1.6655E-02  0.0000E+00
450315.E+02  8.3275E-02  0.0000E+00
480336.E+02  8.3275E-02  0.0000E+00
510357.E+02  1.6655E-02  0.0000E+00
540378.E+02  1.1659E-01  0.0000E+00
570399.E+02  9.9930E-02  0.0000E+00
600420.E+02  1.6655E-02  0.0000E+00
630441.E+02  8.3275E-02  0.0000E+00
660462.E+02  6.6620E-02  0.0000E+00
690483.E+02  4.9965E-02  0.0000E+00
720504.E+02  1.3324E-01  0.0000E+00
750525.E+02  9.9930E-02  0.0000E+00
780546.E+02  3.3310E-02  0.0000E+00
810567.E+02  8.3275E-02  0.0000E+00
840588.E+02  1.1659E-01  0.0000E+00
870609.E+02  4.9965E-02  0.0000E+00
900630.E+02  9.9930E-02  0.0000E+00
930651.E+02  1.3324E-01  0.0000E+00
960672.E+02  1.3324E-01  0.0000E+00
990693.E+02  1.4990E-01  0.0000E+00
102071.E+03  1.4990E-01  0.0000E+00
105074.E+03  9.9930E-02  0.0000E+00
108076.E+03  4.9965E-02  0.0000E+00
111078.E+03  1.1659E-01  0.0000E+00
114080.E+03  1.8321E-01  0.0000E+00
117082.E+03  1.1659E-01  0.0000E+00
120084.E+03  1.6655E-01  0.0000E+00
123086.E+03  1.9986E-01  0.0000E+00
126088.E+03  1.4990E-01  0.0000E+00
129090.E+03  2.3317E-01  0.0000E+00
132092.E+03  9.9930E-02  0.0000E+00
135095.E+03  1.3324E-01  0.0000E+00
138097.E+03  2.1652E-01  0.0000E+00
141099.E+03  2.6648E-01  0.0000E+00
144101.E+03  1.6655E-01  0.0000E+00
147103.E+03  2.8314E-01  0.0000E+00
150105.E+03  3.3310E-01  0.0000E+00
153107.E+03  2.4983E-01  0.0000E+00
156109.E+03  2.6648E-01  0.0000E+00
159111.E+03  3.3310E-01  0.0000E+00
162113.E+03  2.6648E-01  0.0000E+00
165116.E+03  2.9979E-01  0.0000E+00
168118.E+03  3.6641E-01  0.0000E+00
171120.E+03  3.6641E-01  0.0000E+00
174122.E+03  2.1652E-01  0.0000E+00
177124.E+03  3.8307E-01  0.0000E+00
180126.E+03  3.9972E-01  0.0000E+00
183128.E+03  3.8307E-01  0.0000E+00
186130.E+03  3.3310E-01  0.0000E+00
189132.E+03  4.8300E-01  0.0000E+00
192134.E+03  3.6641E-01  0.0000E+00
195137.E+03  4.4969E-01  0.0000E+00
198139.E+03  4.1638E-01  0.0000E+00
201141.E+03  6.6620E-01  0.0000E+00
204143.E+03  5.3296E-01  0.0000E+00
207145.E+03  4.4969E-01  0.0000E+00
210147.E+03  7.1617E-01  0.0000E+00
213149.E+03  6.1624E-01  0.0000E+00
216151.E+03  7.4948E-01  0.0000E+00
219153.E+03  4.9965E-01  0.0000E+00
222155.E+03  6.9951E-01  0.0000E+00
225158.E+03  8.1610E-01  0.0000E+00
228160.E+03  6.6620E-01  0.0000E+00
231162.E+03  5.8293E-01  0.0000E+00
234164.E+03  7.8279E-01  0.0000E+00
237166.E+03  7.8279E-01  0.0000E+00
240168.E+03  6.1624E-01  0.0000E+00
243170.E+03  8.3275E-01  0.0000E+00
246172.E+03  5.4962E-01  0.0000E+00
249174.E+03  6.4955E-01  0.0000E+00
252176.E+03  7.4948E-01  0.0000E+00
255179.E+03  7.8279E-01  0.0000E+00
258181.E+03  5.6627E-01  0.0000E+00
261183.E+03  5.9958E-01  0.0000E+00
264185.E+03  7.3282E-01  0.0000E+00
267187.E+03  4.9965E-01  0.0000E+00
270189.E+03  6.6620E-01  0.0000E+00
273191.E+03  5.6627E-01  0.0000E+00
276193.E+03  5.8293E-01  0.0000E+00
279195.E+03  6.6620E-01  0.0000E+00
282197.E+03  3.3310E-01  0.0000E+00
285200.E+03  5.3296E-01  0.0000E+00
288202.E+03  5.8293E-01  0.0000E+00
291204.E+03  2.1652E-01  0.0000E+00
294206.E+03  3.6641E-01  0.0000E+00
297208.E+03  2.1652E-01  0.0000E+00
300210.E+03  3.8307E-01  0.0000E+00
