300040.E+01  4.9993E-02  0.0000E+00
600080.E+01  0.0000E+00  0.0000E+00
900120.E+01  4.9993E-02  0.0000E+00
120016.E+02  1.6664E-02  0.0000E+00
150020.E+02  1.6664E-02  0.0000E+00
180024.E+02  4.9993E-02  0.0000E+00
210028.E+02  3.3329E-02  0.0000E+00
240032.E+02  1.6664E-02  0.0000E+00
270036.E+02  4.9993E-02  0.0000E+00
300040.E+02  6.6658E-02  0.0000E+00
330044.E+02  3.3329E-02  0.0000E+00
360048.E+02  9.9987E-02  0.0000E+00
390052.E+02  2.1664E-01  0.0000E+00
420056.E+02  1.1665E-01  0.0000E+00
450060.E+02  1.4998E-01  0.0000E+00
480064.E+02  2.9996E-01  0.0000E+00
510068.E+02  3.6662E-01  0.0000E+00
540072.E+02  5.9992E-01  0.0000E+00
570076.E+02  7.1657E-01  0.0000E+00
600080.E+02  1.0165E+00  0.0000E+00
630084.E+02  1.0332E+00  0.0000E+00
660088.E+02  1.2665E+00  0.0000E+00
690092.E+02  1.7831E+00  0.0000E+00
720096.E+02  2.1830E+00  0.0000E+00
750100.E+02  2.9496E+00  0.0000E+00
780104.E+02  3.1996E+00  0.0000E+00
810108.E+02  3.6162E+00  0.0000E+00
840112.E+02  3.9495E+00  0.0000E+00
870116.E+02  3.6328E+00  0.0000E+00
900120.E+02  2.4997E+00  0.0000E+00
930124.E+02  1.7831E+00  0.0000E+00
960128.E+02  9.3321E-01  0.0000E+00
990132.E+02  3.9995E-01  0.0000E+00
102014.E+03  1.3332E-01  0.0000E+00
105014.E+03  0.0000E+00  0.0000E+00
108014.E+03  0.0000E+00  0.0000E+00
111015.E+03  0.0000E+00  0.0000E+00
114015.E+03  0.0000E+00  0.0000E+00
117016.E+03  0.0000E+00  0.0000E+00
120016.E+03  0.0000E+00  0.0000E+00
123016.E+03  0.0000E+00  0.0000E+00
126017.E+03  0.0000E+00  0.0000E+00
129017.E+03  0.0000E+00  0.0000E+00
132018.E+03  0.0000E+00  0.0000E+00
135018.E+03  0.0000E+00  0.0000E+00
138018.E+03  0.0000E+00  0.0000E+00
141019.E+03  0.0000E+00  0.0000E+00
144019.E+03  0.0000E+00  0.0000E+00
147020.E+03  0.0000E+00  0.0000E+00
150020.E+03  0.0000E+00  0.0000E+00
153020.E+03  0.0000E+00  0.0000E+00
156021.E+03  0.0000E+00  0.0000E+00
159021.E+03  0.0000E+00  0.0000E+00
162022.E+03  0.0000E+00  0.0000E+00
165022.E+03  0.0000E+00  0.0000E+00
168022.E+03  0.0000E+00  0.0000E+00
171023.E+03  0.0000E+00  0.0000E+00
174023.E+03  0.0000E+00  0.0000E+00
177024.E+03  0.0000E+00  0.0000E+00
180024.E+03  0.0000E+00  0.0000E+00
183024.E+03  0.0000E+00  0.0000E+00
186025.E+03  0.0000E+00  0.0000E+00
189025.E+03  0.0000E+00  0.0000E+00
192026.E+03  0.0000E+00  0.0000E+00
195026.E+03  0.0000E+00  0.0000E+00
198026.E+03  0.0000E+00  0.0000E+00
201027.E+03  0.0000E+00  0.0000E+00
204027.E+03  0.0000E+00  0.0000E+00
207028.E+03  0.0000E+00  0.0000E+00
210028.E+03  0.0000E+00  0.0000E+00
213028.E+03  0.0000E+00  0.0000E+00
216029.E+03  0.0000E+00  0.0000E+00
219029.E+03  0.0000E+00  0.0000E+00
222030.E+03  0.0000E+00  0.0000E+00
225030.E+03  0.0000E+00  0.0000E+00
228030.E+03  0.0000E+00  0.0000E+00
231031.E+03  0.0000E+00  0.0000E+00
234031.E+03  0.0000E+00  0.0000E+00
237032.E+03  0.0000E+00  0.0000E+00
240032.E+03  0.0000E+00  0.0000E+00
243032.E+03  0.0000E+00  0.0000E+00
246033.E+03  0.0000E+00  0.0000E+00
249033.E+03  0.0000E+00  0.0000E+00
252034.E+03  0.0000E+00  0.0000E+00
255034.E+03  0.0000E+00  0.0000E+00
258034.E+03  0.0000E+00  0.0000E+00
261035.E+03  0.0000E+00  0.0000E+00
264035.E+03  0.0000E+00  0.0000E+00
267036.E+03  0.0000E+00  0.0000E+00
270036.E+03  0.0000E+00  0.0000E+00
273036.E+03  0.0000E+00  0.0000E+00
276037.E+03  0.0000E+00  0.0000E+00
279037.E+03  0.0000E+00  0.0000E+00
282038.E+03  0.0000E+00  0.0000E+00
285038.E+03  0.0000E+00  0.0000E+00
288038.E+03  0.0000E+00  0.0000E+00
291039.E+03  0.0000E+00  0.0000E+00
294039.E+03  0.0000E+00  0.0000E+00
297040.E+03  0.0000E+00  0.0000E+00
300040.E+03  0.0000E+00  0.0000E+00
