300215.E+01  1.8820E+00  0.0000E+00
600430.E+01  1.3324E-01  0.0000E+00
900645.E+01  2.1651E-01  0.0000E+00
120086.E+02  1.3324E-01  0.0000E+00
150108.E+02  1.8320E-01  0.0000E+00
180129.E+02  2.1651E-01  0.0000E+00
210151.E+02  2.3317E-01  0.0000E+00
240172.E+02  1.1658E-01  0.0000E+00
270194.E+02  2.9979E-01  0.0000E+00
300215.E+02  3.3309E-01  0.0000E+00
330237.E+02  3.8306E-01  0.0000E+00
360258.E+02  3.1644E-01  0.0000E+00
390280.E+02  3.3309E-01  0.0000E+00
420301.E+02  2.8313E-01  0.0000E+00
450323.E+02  5.1630E-01  0.0000E+00
480344.E+02  4.4968E-01  0.0000E+00
510366.E+02  4.9964E-01  0.0000E+00
540387.E+02  5.9957E-01  0.0000E+00
570409.E+02  5.3295E-01  0.0000E+00
600430.E+02  4.6633E-01  0.0000E+00
630452.E+02  4.9964E-01  0.0000E+00
660473.E+02  7.1615E-01  0.0000E+00
690495.E+02  5.4961E-01  0.0000E+00
720516.E+02  6.1623E-01  0.0000E+00
750538.E+02  6.3288E-01  0.0000E+00
780559.E+02  6.8284E-01  0.0000E+00
810581.E+02  6.8284E-01  0.0000E+00
840602.E+02  6.9950E-01  0.0000E+00
870624.E+02  8.4939E-01  0.0000E+00
900645.E+02  6.1623E-01  0.0000E+00
930667.E+02  9.8263E-01  0.0000E+00
960688.E+02  7.3281E-01  0.0000E+00
990710.E+02  8.1608E-01  0.0000E+00
102073.E+03  6.1623E-01  0.0000E+00
105075.E+03  8.6605E-01  0.0000E+00
108077.E+03  7.8277E-01  0.0000E+00
111080.E+03  9.3266E-01  0.0000E+00
114082.E+03  1.0159E+00  0.0000E+00
117084.E+03  7.8277E-01  0.0000E+00
120086.E+03  8.1608E-01  0.0000E+00
123088.E+03  8.8270E-01  0.0000E+00
126090.E+03  9.6597E-01  0.0000E+00
129092.E+03  6.1623E-01  0.0000E+00
132095.E+03  8.3274E-01  0.0000E+00
135097.E+03  7.3281E-01  0.0000E+00
138099.E+03  8.1608E-01  0.0000E+00
141101.E+03  9.4932E-01  0.0000E+00
144103.E+03  5.8292E-01  0.0000E+00
147105.E+03  5.4961E-01  0.0000E+00
150108.E+03  4.9964E-01  0.0000E+00
153110.E+03  4.9964E-01  0.0000E+00
156112.E+03  3.1644E-01  0.0000E+00
159114.E+03  3.8306E-01  0.0000E+00
162116.E+03  1.9986E-01  0.0000E+00
165118.E+03  3.4975E-01  0.0000E+00
168120.E+03  3.3309E-01  0.0000E+00
171123.E+03  3.1644E-01  0.0000E+00
174125.E+03  1.4989E-01  0.0000E+00
177127.E+03  4.9964E-02  0.0000E+00
180129.E+03  4.9964E-02  0.0000E+00
183131.E+03  3.3309E-02  0.0000E+00
186133.E+03  4.9964E-02  0.0000E+00
189135.E+03  8.3274E-02  0.0000E+00
192138.E+03  1.6655E-02  0.0000E+00
195140.E+03  1.6655E-02  0.0000E+00
198142.E+03  0.0000E+00  0.0000E+00
201144.E+03  0.0000E+00  0.0000E+00
204146.E+03  0.0000E+00  0.0000E+00
207148.E+03  1.6655E-02  0.0000E+00
210151.E+03  0.0000E+00  0.0000E+00
213153.E+03  0.0000E+00  0.0000E+00
216155.E+03  0.0000E+00  0.0000E+00
219157.E+03  0.0000E+00  0.0000E+00
222159.E+03  0.0000E+00  0.0000E+00
225161.E+03  0.0000E+00  0.0000E+00
228163.E+03  0.0000E+00  0.0000E+00
231166.E+03  0.0000E+00  0.0000E+00
234168.E+03  0.0000E+00  0.0000E+00
237170.E+03  0.0000E+00  0.0000E+00
240172.E+03  0.0000E+00  0.0000E+00
243174.E+03  0.0000E+00  0.0000E+00
246176.E+03  0.0000E+00  0.0000E+00
249178.E+03  0.0000E+00  0.0000E+00
252181.E+03  0.0000E+00  0.0000E+00
255183.E+03  0.0000E+00  0.0000E+00
258185.E+03  0.0000E+00  0.0000E+00
261187.E+03  0.0000E+00  0.0000E+00
264189.E+03  0.0000E+00  0.0000E+00
267191.E+03  0.0000E+00  0.0000E+00
270194.E+03  0.0000E+00  0.0000E+00
273196.E+03  0.0000E+00  0.0000E+00
276198.E+03  0.0000E+00  0.0000E+00
279200.E+03  0.0000E+00  0.0000E+00
282202.E+03  0.0000E+00  0.0000E+00
285204.E+03  0.0000E+00  0.0000E+00
288206.E+03  0.0000E+00  0.0000E+00
291209.E+03  0.0000E+00  0.0000E+00
294211.E+03  0.0000E+00  0.0000E+00
297213.E+03  0.0000E+00  0.0000E+00
300215.E+03  0.0000E+00  0.0000E+00
