300060.E+01  5.2156E+00  0.0000E+00
600120.E+01  9.9980E-02  0.0000E+00
900180.E+01  2.6661E-01  0.0000E+00
120024.E+02  1.4997E-01  0.0000E+00
150030.E+02  2.3329E-01  0.0000E+00
180036.E+02  1.6663E-01  0.0000E+00
210042.E+02  1.8330E-01  0.0000E+00
240048.E+02  6.6653E-02  0.0000E+00
270054.E+02  2.4995E-01  0.0000E+00
300060.E+02  6.6653E-02  0.0000E+00
330066.E+02  8.3317E-02  0.0000E+00
360072.E+02  2.3329E-01  0.0000E+00
390078.E+02  1.6663E-01  0.0000E+00
420084.E+02  1.4997E-01  0.0000E+00
450090.E+02  1.1664E-01  0.0000E+00
480096.E+02  2.1662E-01  0.0000E+00
510102.E+02  1.9996E-01  0.0000E+00
540108.E+02  2.6661E-01  0.0000E+00
570114.E+02  1.8330E-01  0.0000E+00
600120.E+02  1.9996E-01  0.0000E+00
630126.E+02  1.6663E-01  0.0000E+00
660132.E+02  2.1662E-01  0.0000E+00
690138.E+02  1.6663E-01  0.0000E+00
720144.E+02  2.3329E-01  0.0000E+00
750150.E+02  2.9994E-01  0.0000E+00
780156.E+02  2.3329E-01  0.0000E+00
810162.E+02  2.8328E-01  0.0000E+00
840168.E+02  2.1662E-01  0.0000E+00
870174.E+02  3.8326E-01  0.0000E+00
900180.E+02  2.4995E-01  0.0000E+00
930186.E+02  2.4995E-01  0.0000E+00
960192.E+02  2.6661E-01  0.0000E+00
990198.E+02  3.4993E-01  0.0000E+00
102020.E+03  2.3329E-01  0.0000E+00
105021.E+03  3.1660E-01  0.0000E+00
108022.E+03  4.3325E-01  0.0000E+00
111022.E+03  3.4993E-01  0.0000E+00
114023.E+03  3.6659E-01  0.0000E+00
117023.E+03  3.9992E-01  0.0000E+00
120024.E+03  2.8328E-01  0.0000E+00
123025.E+03  3.6659E-01  0.0000E+00
126025.E+03  3.9992E-01  0.0000E+00
129026.E+03  3.9992E-01  0.0000E+00
132026.E+03  4.8324E-01  0.0000E+00
135027.E+03  3.6659E-01  0.0000E+00
138028.E+03  2.9994E-01  0.0000E+00
141028.E+03  2.8328E-01  0.0000E+00
144029.E+03  3.9992E-01  0.0000E+00
147029.E+03  3.8326E-01  0.0000E+00
150030.E+03  4.6657E-01  0.0000E+00
153031.E+03  3.3327E-01  0.0000E+00
156031.E+03  4.9990E-01  0.0000E+00
159032.E+03  5.1656E-01  0.0000E+00
162032.E+03  3.3327E-01  0.0000E+00
165033.E+03  3.4993E-01  0.0000E+00
168034.E+03  4.6657E-01  0.0000E+00
171034.E+03  5.6655E-01  0.0000E+00
174035.E+03  4.4991E-01  0.0000E+00
177035.E+03  4.6657E-01  0.0000E+00
180036.E+03  3.3327E-01  0.0000E+00
183037.E+03  6.4987E-01  0.0000E+00
186037.E+03  3.9992E-01  0.0000E+00
189038.E+03  5.6655E-01  0.0000E+00
192038.E+03  4.8324E-01  0.0000E+00
195039.E+03  4.6657E-01  0.0000E+00
198040.E+03  4.6657E-01  0.0000E+00
201040.E+03  4.1658E-01  0.0000E+00
204041.E+03  5.9988E-01  0.0000E+00
207041.E+03  7.1652E-01  0.0000E+00
210042.E+03  3.6659E-01  0.0000E+00
213043.E+03  4.4991E-01  0.0000E+00
216043.E+03  4.9990E-01  0.0000E+00
219044.E+03  3.8326E-01  0.0000E+00
222044.E+03  3.8326E-01  0.0000E+00
225045.E+03  4.8324E-01  0.0000E+00
228046.E+03  3.1660E-01  0.0000E+00
231046.E+03  4.8324E-01  0.0000E+00
234047.E+03  2.6661E-01  0.0000E+00
237047.E+03  3.6659E-01  0.0000E+00
240048.E+03  3.6659E-01  0.0000E+00
243049.E+03  2.8328E-01  0.0000E+00
246049.E+03  3.6659E-01  0.0000E+00
249050.E+03  2.3329E-01  0.0000E+00
252050.E+03  9.9980E-02  0.0000E+00
255051.E+03  8.3317E-02  0.0000E+00
258052.E+03  1.6663E-01  0.0000E+00
261052.E+03  1.4997E-01  0.0000E+00
264053.E+03  6.6653E-02  0.0000E+00
267053.E+03  9.9980E-02  0.0000E+00
270054.E+03  1.1664E-01  0.0000E+00
273055.E+03  3.3327E-02  0.0000E+00
276055.E+03  1.6663E-02  0.0000E+00
279056.E+03  0.0000E+00  0.0000E+00
282056.E+03  3.3327E-02  0.0000E+00
285057.E+03  1.6663E-02  0.0000E+00
288058.E+03  0.0000E+00  0.0000E+00
291058.E+03  3.3327E-02  0.0000E+00
294059.E+03  0.0000E+00  0.0000E+00
297059.E+03  1.6663E-02  0.0000E+00
300060.E+03  0.0000E+00  0.0000E+00
