300045.E+01  1.3448E+01  0.0000E+00
600090.E+01  1.8331E-01  0.0000E+00
900135.E+01  2.4996E-01  0.0000E+00
120018.E+02  2.6663E-01  0.0000E+00
150023.E+02  3.1662E-01  0.0000E+00
180027.E+02  2.8329E-01  0.0000E+00
210032.E+02  2.8329E-01  0.0000E+00
240036.E+02  3.1662E-01  0.0000E+00
270041.E+02  2.9996E-01  0.0000E+00
300045.E+02  2.3330E-01  0.0000E+00
330050.E+02  2.6663E-01  0.0000E+00
360054.E+02  3.6661E-01  0.0000E+00
390059.E+02  2.6663E-01  0.0000E+00
420063.E+02  4.6660E-01  0.0000E+00
450068.E+02  3.4995E-01  0.0000E+00
480072.E+02  2.3330E-01  0.0000E+00
510077.E+02  3.8328E-01  0.0000E+00
540081.E+02  3.3328E-01  0.0000E+00
570086.E+02  2.6663E-01  0.0000E+00
600090.E+02  4.9993E-01  0.0000E+00
630095.E+02  3.3328E-01  0.0000E+00
660099.E+02  3.6661E-01  0.0000E+00
690104.E+02  3.3328E-01  0.0000E+00
720108.E+02  4.3327E-01  0.0000E+00
750113.E+02  4.6660E-01  0.0000E+00
780117.E+02  3.4995E-01  0.0000E+00
810122.E+02  3.1662E-01  0.0000E+00
840126.E+02  3.8328E-01  0.0000E+00
870131.E+02  2.3330E-01  0.0000E+00
900135.E+02  3.8328E-01  0.0000E+00
930140.E+02  4.4993E-01  0.0000E+00
960144.E+02  4.1660E-01  0.0000E+00
990149.E+02  3.8328E-01  0.0000E+00
102015.E+03  2.9996E-01  0.0000E+00
105016.E+03  4.4993E-01  0.0000E+00
108016.E+03  2.6663E-01  0.0000E+00
111017.E+03  5.6658E-01  0.0000E+00
114017.E+03  4.4993E-01  0.0000E+00
117018.E+03  2.9996E-01  0.0000E+00
120018.E+03  3.9994E-01  0.0000E+00
123018.E+03  4.8326E-01  0.0000E+00
126019.E+03  3.4995E-01  0.0000E+00
129019.E+03  3.1662E-01  0.0000E+00
132020.E+03  2.3330E-01  0.0000E+00
135020.E+03  3.8328E-01  0.0000E+00
138021.E+03  3.4995E-01  0.0000E+00
141021.E+03  3.1662E-01  0.0000E+00
144022.E+03  2.4996E-01  0.0000E+00
147022.E+03  3.1662E-01  0.0000E+00
150023.E+03  3.3328E-01  0.0000E+00
153023.E+03  2.4996E-01  0.0000E+00
156023.E+03  4.9993E-01  0.0000E+00
159024.E+03  1.4998E-01  0.0000E+00
162024.E+03  1.9997E-01  0.0000E+00
165025.E+03  2.1663E-01  0.0000E+00
168025.E+03  1.6664E-01  0.0000E+00
171026.E+03  1.3331E-01  0.0000E+00
174026.E+03  1.9997E-01  0.0000E+00
177027.E+03  1.4998E-01  0.0000E+00
180027.E+03  1.6664E-01  0.0000E+00
183027.E+03  6.6657E-02  0.0000E+00
186028.E+03  1.6664E-01  0.0000E+00
189028.E+03  1.6664E-01  0.0000E+00
192029.E+03  9.9985E-02  0.0000E+00
195029.E+03  8.3321E-02  0.0000E+00
198030.E+03  6.6657E-02  0.0000E+00
201030.E+03  3.3328E-02  0.0000E+00
204031.E+03  4.9993E-02  0.0000E+00
207031.E+03  3.3328E-02  0.0000E+00
210032.E+03  0.0000E+00  0.0000E+00
213032.E+03  4.9993E-02  0.0000E+00
216032.E+03  4.9993E-02  0.0000E+00
219033.E+03  0.0000E+00  0.0000E+00
222033.E+03  3.3328E-02  0.0000E+00
225034.E+03  0.0000E+00  0.0000E+00
228034.E+03  0.0000E+00  0.0000E+00
231035.E+03  3.3328E-02  0.0000E+00
234035.E+03  0.0000E+00  0.0000E+00
237036.E+03  1.6664E-02  0.0000E+00
240036.E+03  0.0000E+00  0.0000E+00
243036.E+03  0.0000E+00  0.0000E+00
246037.E+03  1.6664E-02  0.0000E+00
249037.E+03  0.0000E+00  0.0000E+00
252038.E+03  0.0000E+00  0.0000E+00
255038.E+03  0.0000E+00  0.0000E+00
258039.E+03  0.0000E+00  0.0000E+00
261039.E+03  0.0000E+00  0.0000E+00
264040.E+03  0.0000E+00  0.0000E+00
267040.E+03  0.0000E+00  0.0000E+00
270041.E+03  0.0000E+00  0.0000E+00
273041.E+03  0.0000E+00  0.0000E+00
276041.E+03  0.0000E+00  0.0000E+00
279042.E+03  0.0000E+00  0.0000E+00
282042.E+03  0.0000E+00  0.0000E+00
285043.E+03  0.0000E+00  0.0000E+00
288043.E+03  0.0000E+00  0.0000E+00
291044.E+03  0.0000E+00  0.0000E+00
294044.E+03  0.0000E+00  0.0000E+00
297045.E+03  0.0000E+00  0.0000E+00
300045.E+03  0.0000E+00  0.0000E+00
