300130.E+01  0.0000E+00  0.0000E+00
600260.E+01  0.0000E+00  0.0000E+00
900390.E+01  0.0000E+00  0.0000E+00
120052.E+02  0.0000E+00  0.0000E+00
150065.E+02  0.0000E+00  0.0000E+00
180078.E+02  0.0000E+00  0.0000E+00
210091.E+02  0.0000E+00  0.0000E+00
240104.E+02  0.0000E+00  0.0000E+00
270117.E+02  0.0000E+00  0.0000E+00
300130.E+02  0.0000E+00  0.0000E+00
330143.E+02  0.0000E+00  0.0000E+00
360156.E+02  0.0000E+00  0.0000E+00
390169.E+02  1.6652E-02  0.0000E+00
420182.E+02  4.9957E-02  0.0000E+00
450195.E+02  0.0000E+00  0.0000E+00
480208.E+02  1.6652E-02  0.0000E+00
510221.E+02  8.3262E-02  0.0000E+00
540234.E+02  4.9957E-02  0.0000E+00
570247.E+02  3.3305E-02  0.0000E+00
600260.E+02  9.9915E-02  0.0000E+00
630273.E+02  1.6652E-02  0.0000E+00
660286.E+02  1.1657E-01  0.0000E+00
690299.E+02  1.4987E-01  0.0000E+00
720312.E+02  2.4979E-01  0.0000E+00
750325.E+02  2.8309E-01  0.0000E+00
780338.E+02  5.4953E-01  0.0000E+00
810351.E+02  6.4945E-01  0.0000E+00
840364.E+02  8.8258E-01  0.0000E+00
870377.E+02  1.0991E+00  0.0000E+00
900390.E+02  1.4987E+00  0.0000E+00
930403.E+02  2.8476E+00  0.0000E+00
960416.E+02  3.3138E+00  0.0000E+00
990429.E+02  4.2630E+00  0.0000E+00
102044.E+03  4.2297E+00  0.0000E+00
105046.E+03  4.4462E+00  0.0000E+00
108047.E+03  3.7801E+00  0.0000E+00
111048.E+03  2.4479E+00  0.0000E+00
114049.E+03  1.5154E+00  0.0000E+00
117051.E+03  4.6627E-01  0.0000E+00
120052.E+03  1.3322E-01  0.0000E+00
123053.E+03  1.6652E-02  0.0000E+00
126055.E+03  0.0000E+00  0.0000E+00
129056.E+03  0.0000E+00  0.0000E+00
132057.E+03  0.0000E+00  0.0000E+00
135059.E+03  0.0000E+00  0.0000E+00
138060.E+03  0.0000E+00  0.0000E+00
141061.E+03  0.0000E+00  0.0000E+00
144062.E+03  0.0000E+00  0.0000E+00
147064.E+03  0.0000E+00  0.0000E+00
150065.E+03  0.0000E+00  0.0000E+00
153066.E+03  0.0000E+00  0.0000E+00
156068.E+03  0.0000E+00  0.0000E+00
159069.E+03  0.0000E+00  0.0000E+00
162070.E+03  0.0000E+00  0.0000E+00
165072.E+03  0.0000E+00  0.0000E+00
168073.E+03  0.0000E+00  0.0000E+00
171074.E+03  0.0000E+00  0.0000E+00
174075.E+03  0.0000E+00  0.0000E+00
177077.E+03  0.0000E+00  0.0000E+00
180078.E+03  0.0000E+00  0.0000E+00
183079.E+03  0.0000E+00  0.0000E+00
186081.E+03  0.0000E+00  0.0000E+00
189082.E+03  0.0000E+00  0.0000E+00
192083.E+03  0.0000E+00  0.0000E+00
195085.E+03  0.0000E+00  0.0000E+00
198086.E+03  0.0000E+00  0.0000E+00
201087.E+03  0.0000E+00  0.0000E+00
204088.E+03  0.0000E+00  0.0000E+00
207090.E+03  0.0000E+00  0.0000E+00
210091.E+03  0.0000E+00  0.0000E+00
213092.E+03  0.0000E+00  0.0000E+00
216094.E+03  0.0000E+00  0.0000E+00
219095.E+03  0.0000E+00  0.0000E+00
222096.E+03  0.0000E+00  0.0000E+00
225098.E+03  0.0000E+00  0.0000E+00
228099.E+03  0.0000E+00  0.0000E+00
231100.E+03  0.0000E+00  0.0000E+00
234101.E+03  0.0000E+00  0.0000E+00
237103.E+03  0.0000E+00  0.0000E+00
240104.E+03  0.0000E+00  0.0000E+00
243105.E+03  0.0000E+00  0.0000E+00
246107.E+03  0.0000E+00  0.0000E+00
249108.E+03  0.0000E+00  0.0000E+00
252109.E+03  0.0000E+00  0.0000E+00
255111.E+03  0.0000E+00  0.0000E+00
258112.E+03  0.0000E+00  0.0000E+00
261113.E+03  0.0000E+00  0.0000E+00
264114.E+03  0.0000E+00  0.0000E+00
267116.E+03  0.0000E+00  0.0000E+00
270117.E+03  0.0000E+00  0.0000E+00
273118.E+03  0.0000E+00  0.0000E+00
276120.E+03  0.0000E+00  0.0000E+00
279121.E+03  0.0000E+00  0.0000E+00
282122.E+03  0.0000E+00  0.0000E+00
285124.E+03  0.0000E+00  0.0000E+00
288125.E+03  0.0000E+00  0.0000E+00
291126.E+03  0.0000E+00  0.0000E+00
294127.E+03  0.0000E+00  0.0000E+00
297129.E+03  0.0000E+00  0.0000E+00
300130.E+03  0.0000E+00  0.0000E+00