300070.E+01  3.1993E+00  0.0000E+00
600140.E+01  3.3326E-02  0.0000E+00
900210.E+01  9.9977E-02  0.0000E+00
120028.E+02  6.6651E-02  0.0000E+00
150035.E+02  9.9977E-02  0.0000E+00
180042.E+02  8.3314E-02  0.0000E+00
210049.E+02  4.9988E-02  0.0000E+00
240056.E+02  4.9988E-02  0.0000E+00
270063.E+02  1.3330E-01  0.0000E+00
300070.E+02  6.6651E-02  0.0000E+00
330077.E+02  8.3314E-02  0.0000E+00
360084.E+02  4.9988E-02  0.0000E+00
390091.E+02  3.3326E-02  0.0000E+00
420098.E+02  8.3314E-02  0.0000E+00
450105.E+02  6.6651E-02  0.0000E+00
480112.E+02  6.6651E-02  0.0000E+00
510119.E+02  1.6663E-02  0.0000E+00
540126.E+02  6.6651E-02  0.0000E+00
570133.E+02  6.6651E-02  0.0000E+00
600140.E+02  4.9988E-02  0.0000E+00
630147.E+02  3.3326E-02  0.0000E+00
660154.E+02  1.1664E-01  0.0000E+00
690161.E+02  4.9988E-02  0.0000E+00
720168.E+02  1.6663E-02  0.0000E+00
750175.E+02  1.3330E-01  0.0000E+00
780182.E+02  8.3314E-02  0.0000E+00
810189.E+02  1.1664E-01  0.0000E+00
840196.E+02  9.9977E-02  0.0000E+00
870203.E+02  8.3314E-02  0.0000E+00
900210.E+02  9.9977E-02  0.0000E+00
930217.E+02  9.9977E-02  0.0000E+00
960224.E+02  1.3330E-01  0.0000E+00
990231.E+02  1.1664E-01  0.0000E+00
102024.E+03  1.1664E-01  0.0000E+00
105025.E+03  2.1662E-01  0.0000E+00
108025.E+03  4.9988E-02  0.0000E+00
111026.E+03  6.6651E-02  0.0000E+00
114027.E+03  1.4997E-01  0.0000E+00
117027.E+03  1.4997E-01  0.0000E+00
120028.E+03  9.9977E-02  0.0000E+00
123029.E+03  8.3314E-02  0.0000E+00
126029.E+03  1.4997E-01  0.0000E+00
129030.E+03  8.3314E-02  0.0000E+00
132031.E+03  9.9977E-02  0.0000E+00
135032.E+03  1.1664E-01  0.0000E+00
138032.E+03  1.1664E-01  0.0000E+00
141033.E+03  9.9977E-02  0.0000E+00
144034.E+03  1.4997E-01  0.0000E+00
147034.E+03  6.6651E-02  0.0000E+00
150035.E+03  8.3314E-02  0.0000E+00
153036.E+03  1.3330E-01  0.0000E+00
156036.E+03  1.1664E-01  0.0000E+00
159037.E+03  1.6663E-01  0.0000E+00
162038.E+03  2.1662E-01  0.0000E+00
165039.E+03  8.3314E-02  0.0000E+00
168039.E+03  4.9988E-02  0.0000E+00
171040.E+03  1.4997E-01  0.0000E+00
174041.E+03  1.3330E-01  0.0000E+00
177041.E+03  6.6651E-02  0.0000E+00
180042.E+03  2.1662E-01  0.0000E+00
183043.E+03  2.1662E-01  0.0000E+00
186043.E+03  2.1662E-01  0.0000E+00
189044.E+03  6.6651E-02  0.0000E+00
192045.E+03  1.8329E-01  0.0000E+00
195046.E+03  1.1664E-01  0.0000E+00
198046.E+03  1.6663E-01  0.0000E+00
201047.E+03  1.8329E-01  0.0000E+00
204048.E+03  1.6663E-01  0.0000E+00
207048.E+03  1.6663E-01  0.0000E+00
210049.E+03  1.3330E-01  0.0000E+00
213050.E+03  1.4997E-01  0.0000E+00
216050.E+03  2.1662E-01  0.0000E+00
219051.E+03  1.4997E-01  0.0000E+00
222052.E+03  1.8329E-01  0.0000E+00
225053.E+03  1.4997E-01  0.0000E+00
228053.E+03  2.6660E-01  0.0000E+00
231054.E+03  2.3328E-01  0.0000E+00
234055.E+03  1.4997E-01  0.0000E+00
237055.E+03  2.3328E-01  0.0000E+00
240056.E+03  2.8327E-01  0.0000E+00
243057.E+03  2.3328E-01  0.0000E+00
246057.E+03  1.8329E-01  0.0000E+00
249058.E+03  2.8327E-01  0.0000E+00
252059.E+03  2.9993E-01  0.0000E+00
255060.E+03  2.8327E-01  0.0000E+00
258060.E+03  2.4994E-01  0.0000E+00
261061.E+03  1.6663E-01  0.0000E+00
264062.E+03  3.4992E-01  0.0000E+00
267062.E+03  2.9993E-01  0.0000E+00
270063.E+03  1.9995E-01  0.0000E+00
273064.E+03  1.8329E-01  0.0000E+00
276064.E+03  2.4994E-01  0.0000E+00
279065.E+03  3.4992E-01  0.0000E+00
282066.E+03  3.1659E-01  0.0000E+00
285067.E+03  3.3326E-01  0.0000E+00
288067.E+03  3.6658E-01  0.0000E+00
291068.E+03  3.4992E-01  0.0000E+00
294069.E+03  2.8327E-01  0.0000E+00
297069.E+03  3.1659E-01  0.0000E+00
300070.E+03  3.6658E-01  0.0000E+00
