300080.E+01  1.1330E+00  0.0000E+00
600160.E+01  3.3324E-02  0.0000E+00
900240.E+01  1.6662E-02  0.0000E+00
120032.E+02  1.6662E-02  0.0000E+00
150040.E+02  4.9987E-02  0.0000E+00
180048.E+02  1.6662E-02  0.0000E+00
210056.E+02  3.3324E-02  0.0000E+00
240064.E+02  4.9987E-02  0.0000E+00
270072.E+02  9.9973E-02  0.0000E+00
300080.E+02  1.6662E-02  0.0000E+00
330088.E+02  8.3311E-02  0.0000E+00
360096.E+02  6.6649E-02  0.0000E+00
390104.E+02  6.6649E-02  0.0000E+00
420112.E+02  4.9987E-02  0.0000E+00
450120.E+02  3.3324E-02  0.0000E+00
480128.E+02  4.9987E-02  0.0000E+00
510136.E+02  4.9987E-02  0.0000E+00
540144.E+02  1.6662E-02  0.0000E+00
570152.E+02  1.6662E-02  0.0000E+00
600160.E+02  1.6662E-02  0.0000E+00
630168.E+02  1.1664E-01  0.0000E+00
660176.E+02  3.3324E-02  0.0000E+00
690184.E+02  3.3324E-02  0.0000E+00
720192.E+02  1.6662E-02  0.0000E+00
750200.E+02  1.6662E-02  0.0000E+00
780208.E+02  6.6649E-02  0.0000E+00
810216.E+02  4.9987E-02  0.0000E+00
840224.E+02  1.6662E-02  0.0000E+00
870232.E+02  3.3324E-02  0.0000E+00
900240.E+02  8.3311E-02  0.0000E+00
930248.E+02  1.6662E-01  0.0000E+00
960256.E+02  1.1664E-01  0.0000E+00
990264.E+02  8.3311E-02  0.0000E+00
102027.E+03  1.3330E-01  0.0000E+00
105028.E+03  6.6649E-02  0.0000E+00
108029.E+03  1.6662E-01  0.0000E+00
111030.E+03  8.3311E-02  0.0000E+00
114030.E+03  8.3311E-02  0.0000E+00
117031.E+03  1.1664E-01  0.0000E+00
120032.E+03  6.6649E-02  0.0000E+00
123033.E+03  9.9973E-02  0.0000E+00
126034.E+03  3.3324E-02  0.0000E+00
129034.E+03  8.3311E-02  0.0000E+00
132035.E+03  9.9973E-02  0.0000E+00
135036.E+03  1.4996E-01  0.0000E+00
138037.E+03  8.3311E-02  0.0000E+00
141038.E+03  9.9973E-02  0.0000E+00
144038.E+03  2.1661E-01  0.0000E+00
147039.E+03  1.1664E-01  0.0000E+00
150040.E+03  1.8328E-01  0.0000E+00
153041.E+03  2.6660E-01  0.0000E+00
156042.E+03  1.4996E-01  0.0000E+00
159042.E+03  1.3330E-01  0.0000E+00
162043.E+03  1.8328E-01  0.0000E+00
165044.E+03  3.9989E-01  0.0000E+00
168045.E+03  1.8328E-01  0.0000E+00
171046.E+03  2.8326E-01  0.0000E+00
174046.E+03  2.1661E-01  0.0000E+00
177047.E+03  1.4996E-01  0.0000E+00
180048.E+03  2.1661E-01  0.0000E+00
183049.E+03  1.3330E-01  0.0000E+00
186050.E+03  9.9973E-02  0.0000E+00
189050.E+03  1.9995E-01  0.0000E+00
192051.E+03  2.6660E-01  0.0000E+00
195052.E+03  1.9995E-01  0.0000E+00
198053.E+03  3.1658E-01  0.0000E+00
201054.E+03  2.8326E-01  0.0000E+00
204054.E+03  3.3324E-01  0.0000E+00
207055.E+03  2.9992E-01  0.0000E+00
210056.E+03  4.3322E-01  0.0000E+00
213057.E+03  3.9989E-01  0.0000E+00
216058.E+03  3.4991E-01  0.0000E+00
219058.E+03  3.6657E-01  0.0000E+00
222059.E+03  3.3324E-01  0.0000E+00
225060.E+03  5.3319E-01  0.0000E+00
228061.E+03  3.6657E-01  0.0000E+00
231062.E+03  3.4991E-01  0.0000E+00
234062.E+03  6.1650E-01  0.0000E+00
237063.E+03  4.4988E-01  0.0000E+00
240064.E+03  6.9981E-01  0.0000E+00
243065.E+03  5.4985E-01  0.0000E+00
246066.E+03  5.4985E-01  0.0000E+00
249066.E+03  5.3319E-01  0.0000E+00
252067.E+03  7.9979E-01  0.0000E+00
255068.E+03  6.1650E-01  0.0000E+00
258069.E+03  4.6654E-01  0.0000E+00
261070.E+03  6.8315E-01  0.0000E+00
264070.E+03  6.8315E-01  0.0000E+00
267071.E+03  8.4977E-01  0.0000E+00
270072.E+03  7.9979E-01  0.0000E+00
273073.E+03  1.0164E+00  0.0000E+00
276074.E+03  7.8312E-01  0.0000E+00
279074.E+03  8.8310E-01  0.0000E+00
282075.E+03  8.1645E-01  0.0000E+00
285076.E+03  8.8310E-01  0.0000E+00
288077.E+03  7.8312E-01  0.0000E+00
291078.E+03  1.0331E+00  0.0000E+00
294078.E+03  6.9981E-01  0.0000E+00
297079.E+03  5.4985E-01  0.0000E+00
300080.E+03  6.9981E-01  0.0000E+00
